-907987.7265996565000
-901406.0049453509000
-896466.1034195902000
-892742.0167750240000
-889791.8363660716000
-887443.4750013606000
-885391.5738592554000
-883567.7917442166000
-881920.4542479911000
-880771.8636060066000
-879399.3748392857000
-878344.9314268276000
-877171.4432607066000
-876360.3726638532000
-875387.0848953150000
-874609.0996965682000
-873896.1213377401000
-873236.8557088902000
-872457.2650363736000
-871809.9905742059000
-871069.2872985598000
-870405.5332475770000
-869891.2810664396000
-869289.8317167800000
-868675.4594736978000
-868071.2779585153000
-867640.6853524928000
-867166.6543829280000
-866766.7555002029000
-866434.9794593652000
-865898.2270334405000
-865338.8730929990000
-865091.4501745740000
-864844.6416787422000
-864467.8780326734000
-864015.7302125957000
-863734.0333766998000
-863518.5816510813000
-863281.5139624093000
-862897.8502313152000
-862583.2890889059000
-862253.1826116852000
-861971.0118697914000
-861803.6111200085000
-861530.1478955557000
-861214.5582956035000
-860926.3526117769000
-860592.8456884745000
-860410.1582665095000
-860270.3542830528000
-859969.1442927559000
-859902.5959231919000
-859620.3479948883000
-859639.8912046542000
-859254.7527362636000
-859095.9653178354000
-859073.0606632254000
-858857.2605030077000
-858458.5775127154000
-858312.0424487368000
-857978.6947091132000
-857973.9413596471000
-857863.8960715138000
-857616.5701124233000
-857363.8185140956000
-857324.7549951224000
-857093.8052213260000
-856924.0429307135000
-856755.0601774628000
-856584.0404903376000
-856363.9797700383000
-856253.6310491340000
-856157.7037694141000
-856099.3926115591000
-856047.5008385007000
-855825.9208562773000
-855642.9949862527000
-855837.0633951988000
-855717.6894421690000
-855405.5804229176000
-855337.7061249325000
-855155.9692663493000
-855040.8387044355000
-855093.0611322141000
-854867.1646076912000
-854924.4371382103000
-854656.7571796816000
-854539.4873652774000
-854424.4752279562000
-854222.9760303212000
-854184.2900079371000
-854116.2398635304000
-854177.8665925274000
-853962.7829643595000
-853771.3189084311000
-853615.9801454754000
-853488.9759675865000
-853484.9268232863000
-853505.4219866000000
-853332.2432941309000
-853466.6265694944000
-853379.5409308244000
-853304.4685866880000
-853299.8883546842000
-853102.2128262160000
-853169.6571445956000
-853136.5446701922000
-852998.1229748668000
-852882.8284489998000
-852838.9378270070000
-852685.1901940837000
-852657.1108981613000
-852507.3724693647000
-852491.3584039479000
-852330.9866273163000
-852340.1148322655000
-852241.8002058949000
-852296.7565562661000
-852280.1236303806000
-852164.8174755288000
-852127.9665793770000
-852106.9298196211000
-852069.7774958635000
-852151.2348342199000
-852116.0552727120000
-851855.5655886575000
-851816.9759502881000
-851656.4026492680000
-851722.5712589389000
-851678.4796445296000
-851560.2342058990000
-851656.3827851071000
-851679.1830540964000
-851617.6292816824000
-851360.0241528468000
-851386.0715882066000
-851328.1845770404000
-851284.3308809580000
-851339.0681612326000
-851252.0861862367000
-851322.2093801434000
-851258.5088567248000
-851363.7280343164000
-851203.8031042834000
-851230.7939255878000
-851174.8508264653000
-851102.5451735090000
-851034.2130096557000
-851150.5115051029000
-851023.2092365957000
-850853.7721919245000
-850868.6105099119000
-850803.8856842710000
-850776.9828267987000
-850724.7813742809000
-850577.5484345888000
-850713.0229894202000
-850671.7516940750000
-850499.9138026010000
-850424.5211269597000
-850571.0618668706000
-850525.0367619286000
-850486.8847693420000
-850222.2455190711000
-850224.8258035021000
-850078.5032755345000
-850177.0270542728000
-850238.4543110094000
-850071.5754180001000
-850131.0235256432000
-850078.6011799236000
-850248.5903283969000
-850195.0689293611000
-850153.7861228151000
-850001.9100583586000
-850014.9484303838000
-850076.3190667453000
-850099.3259775563000
-850170.6462578310000
-849956.7572090903000
-849790.2362368446000
-849918.3853577621000
-849680.6791868180000
-849840.3440630519000
-849872.6729153874000
-849757.5219118187000
-849848.1398622030000
-849764.5006678669000
-849755.3199026975000
-849883.8687033082000
-849885.7168336209000
-849838.3063913716000
-849882.4475306717000
-849693.0833283664000
-849592.8428886016000
-849634.0647835524000
-849570.7995902640000
-849541.3606096669000
-849676.3795014152000
-849625.3837251219000
-849639.8687125907000
-849687.5144343143000
-849519.3975128310000
-849453.1520161570000
-849322.8378707388000
-849362.1107645319000
-849497.3709039569000
-849306.8795705490000
-849451.5685265838000
-849384.6771293065000
-849347.8595123882000
-849293.9873035541000
-849343.9235378641000
-849375.4295459570000
-849382.9951692803000
-849507.4237495756000
-849406.9012423032000
-849296.5455911801000
-849107.6734942698000
-849246.6106968769000
-849303.9780327529000
-848965.6343878976000
-849182.8808312598000
-849142.1840400546000
-849140.3762414951000
-849071.0966464040000
-849027.9712078302000
-849073.6320222476000
-848974.3765746290000
-849053.7751336341000
-849197.7069466776000
-848968.5199175234000
-849119.9710079861000
-848940.0440515934000
-848943.9673867531000
-849014.7624868087000
-849060.4376056450000
-849054.0800758253000
-848999.5607295403000
-849008.8498889497000
-848902.6054786663000
-848766.9548923161000
-848904.3701071931000
-848897.6130121141000
-848838.3876734565000
-848925.2801808257000
-848926.5384973732000
-848879.3995488456000
-849054.9578675476000
-849034.8517131349000
-849189.9867615349000
-849179.8317624718000
-848941.0591927210000
-848928.5171786005000
-848854.0737857551000
-848837.7659969876000
-848789.8630471160000
-848891.4402822355000
-848960.6300970844000
-849013.9710435384000
-848942.6085001265000
-848844.4957775397000
-848674.9827798530000
-848677.3137067374000
-848746.8936735952000
-848770.4217343590000
-848854.5295342571000
-848988.6067486566000
-848942.9871742714000
-848867.7885749290000
-848816.6575785928000
-848708.7404591715000
-848684.5043242174000
-848773.9994112782000
-848842.1762110179000
-848708.4510810308000
-848859.6627496086000
-848949.7861856569000
-848641.7858828573000
-848731.4830461520000
-848719.7467259393000
-848508.4052536212000
-848482.1740392216000
-848408.6917602440000
-848447.0708995337000
-848464.0939811051000
-848475.2650026208000
-848517.1392855070000
-848492.7057102616000
-848444.4346642937000
-848332.6872665511000
-848525.5001898645000
-848428.9492303948000
-848359.2447386569000
-848315.1354419672000
-848379.5270728266000
-848226.3277825968000
-848176.5817399836000
-848306.9393011265000
-848271.5693832496000
-848236.0917491096000
-848315.8181140326000
-848240.4384768388000
-848291.8074067403000
-848369.6231662171000
-848335.6409621484000
-848307.9695686720000
-848366.1359405407000
-848314.8554021996000
-848252.0283649531000
-848244.2610158350000
-848179.3508174722000
-848164.3098947811000
-848201.8939687337000
-848285.2307980071000
-848126.9402038623000
-848069.0672917461000
-848166.7708929562000
-848430.1260798630000
-848225.3777010768000
-848178.3983595588000
-848154.4603874983000
-848231.6685171187000
-848259.9566441943000
-848162.6003490603000
-848097.4414321224000
-848026.2593637684000
-848020.4638484211000
-848057.6655980020000
-847995.0331074056000
-848039.5665610068000
-848057.7771175819000
-848026.7733589920000
-848072.5793774098000
-847977.3856224702000
-847871.1678446165000
-848008.1941154266000
-848025.4931218160000
-848121.9676310740000
-847961.6027988045000
-847914.8803331538000
-847918.6433544937000
-848035.3445005899000
-848091.7680486780000
-848075.9819379575000
-848075.5074220627000
-848036.9588913154000
-848077.6223731445000
-848073.8769584392000
-847992.5704278780000
-847779.8563287678000
-847997.6306932636000
-848024.4057861842000
-847994.2026190964000
-848028.2327373524000
-847981.6815719476000
-847849.6747531001000
-847859.0685640412000
-847737.4313275522000
-847629.4460832843000
-847729.7573018518000
-847757.6570503771000
-847923.4011617141000
-847811.2823706161000
-847794.7154799899000
-847810.5969209828000
-847853.2541378568000
-847851.9083328925000
-847689.3784626420000
-847804.5883383732000
-847635.7547536527000
-847504.5305659338000
-847506.1279208060000
-847687.4800969138000
-847674.9522893652000
-847585.8315393281000
-847630.6710169690000
-847629.5652051015000
-847569.9053780626000
-847573.3596319300000
-847712.0662693216000
-847612.3876401675000
-847636.5911262583000
-847658.9100423323000
-847526.0096476017000
-847629.0658715930000
-847682.3382576191000
-847555.8501792725000
-847553.0448742204000
-847519.0234621483000
-847622.5044010960000
-847637.0688265478000
-847635.2733889512000
-847558.1056453935000
-847524.3872352671000
-847446.2257619201000
-847488.5862806807000
-847630.7279560330000
-847455.8762728896000
-847445.8780461336000
-847477.1906318327000
-847513.3528641252000
-847481.4176678989000
-847492.5504071135000
-847442.3565337960000
-847298.5559063406000
-847230.3049872270000
-847294.5130083960000
-847366.0252277842000
-847287.6531236264000
-847251.4520187594000
-847412.9433028331000
-847209.6817797770000
-847198.2421560006000
-847073.3600546862000
-847239.3350701470000
-847089.7925080490000
-847084.0347179143000
-847056.7185826938000
-847287.2987773333000
-847260.7198975249000
-847437.6741818065000
-847280.2341406667000
-847404.1957639707000
-847379.0084530326000
-847323.8643957899000
-847264.4240440335000
-847157.3661989005000
-847048.5802106180000
-847140.7865841895000
-847091.0146210348000
-847168.1148165992000
-847185.8692240787000
-847183.5390875376000
-847134.6907568249000
-847057.6615684329000
-847029.4461594388000
-846949.7305219203000
-847023.8778990693000
-847168.4191252865000
-846957.4654237613000
-847065.5955393213000
-847212.9660435724000
-847126.9731280912000
-847014.5701682689000
-847032.0903224880000
-847053.4904941926000
-847146.3922712937000
-847116.3333276977000
-847058.2905644334000
-847000.1060420963000
-847056.8647589969000
-847071.9566971349000
-846968.7661667109000
-847112.7468910643000
-847100.0887700584000
-847022.4192882910000
-847040.0577464768000
-847064.2035517357000
-846905.8120477783000
-846969.9640023756000
-847010.7468222314000
-847050.2290332316000
-846993.7626190227000
-846958.1936773146000
-847006.8655618274000
-846991.5616651982000
-846946.2280399613000
-847011.5919786493000
-847007.7064440863000
-847015.4486940578000
-847015.4840756324000
-846792.3977546380000
-847060.2935029091000
-846922.6602623353000
-847029.5842054312000
-847024.3479500110000
-846985.6174375392000
-846985.4699171822000
-846995.9783106275000
-847058.5356070760000
-846983.3161801322000
-847025.6262249505000
-847032.4482693473000
-846939.6891443612000
-846945.3341473578000
-846919.6908200220000
-847167.9245276798000
-846994.7557899820000
-846954.4807887747000
-847050.3163187660000
-847041.8914367739000
-846944.0309847139000
-846989.2209936926000
-847000.2517229576000
-846971.5549271686000
-846830.6469482690000
-846922.5562656518000
-846846.2335683849000
-846900.9835158470000
-846977.8359059861000
-847049.7339521182000
-847009.3725308102000
-847052.8682969694000
-847037.3874292250000
-847051.0132230526000
-846986.7107124098000
-847101.9506780391000
-847155.0259595610000
-847091.2665484645000
-846957.5517406304000
-846868.7490935208000
-846944.3214803903000
-846812.3237660269000
-846869.8492434165000
-846955.2731108165000
-846939.7326141691000
-846923.6461136634000
-846824.4379802508000
-847018.3259430150000
-847065.3899247942000
-847042.6872991899000
-847194.9600981844000
-847101.7192578134000
-847142.3893805550000
-847139.5284730475000
-846970.9771936423000
-847106.3557144062000
-846996.9073491650000
-847072.0043624575000
-846995.1481044362000
-847090.4472052716000
-847061.0559225276000
-847055.5210085423000
-847051.4438875060000
-847050.0336894938000
-846904.2584358138000
-846860.4111768984000
-846888.4293017824000
-846860.2704596439000
-846964.8322445498000
-847041.0448211015000
-847063.4262966013000
-847021.7210169749000
-847023.3015855466000
-847006.0543711205000
-847146.0839051143000
-846976.0271316749000
-847012.1584227647000
-846899.4713251113000
-846973.8317981757000
-846890.2701116891000
-846941.6260168290000
-846963.1160872896000
-846913.2492812292000
-846850.0568833307000
-846820.6319373966000
-846862.0255391534000
-846894.4349700771000
-846768.4938273337000
-846768.0992548165000
-846743.5812449662000
-846688.5928247966000
-846840.0119546016000
-846827.9850572721000
-846880.4749411135000
-846806.7105453388000
-846824.6652610415000
-846920.1540827694000
-846923.7423728027000
-846820.6666324493000
-846997.3872306295000
-846938.3447456706000
-846771.9618192826000
-846744.6795352056000
-846628.4424228928000
-846717.8292922446000
-846665.3824586110000
-846744.9346463699000
-846625.4573737600000
-846541.3231144072000
-846761.4676748415000
-846729.3410665689000
-846739.0969249003000
-846606.3362771841000
-846850.9072366889000
-846814.7122476184000
-846665.1499299045000
-846782.6544659174000
-846817.5570946631000
-846875.1882101089000
-846682.0168375236000
-846735.6291278384000
-846843.5230785905000
-846791.7939065040000
-846855.1804871602000
-846774.0111924990000
-846751.1577597570000
-846751.8204202661000
-846762.5563085424000
-846857.6026330536000
-846765.4901539703000
-846806.7539982304000
-846845.2191778227000
-846656.0775399982000
-846741.2561461745000
-846709.5367930683000
-846664.7278685736000
-846699.2795718594000
-846645.3533527771000
-846503.6871737796000
-846468.2573092415000
-846346.6278423364000
-846472.2145638757000
-846489.7431438381000
-846578.1834918284000
-846683.9910516111000
-846676.8878903162000
-846660.4399373985000
-846758.5459846407000
-846721.7743001640000
-846523.8764151743000
-846579.3558974074000
-846485.2512885523000
-846469.0936985496000
-846590.9523164002000
-846603.0071659705000
-846491.3251398128000
-846636.2345111234000
-846773.6950549690000
-846753.2201705563000
-846626.1654936966000
-846598.0940896226000
-846539.0000126346000
-846662.4633133232000
-846706.5291955404000
-846588.6827527588000
-846568.7265768500000
-846558.5766940910000
-846553.7848595367000
-846597.7332495614000
-846351.3922337322000
-846435.7439524856000
-846518.6393057595000
-846548.6566269257000
-846569.1017349347000
-846527.2816329551000
-846390.1372577744000
-846493.9072770072000
-846524.6352292987000
-846611.3558548721000
-846408.5337079242000
-846581.3339278236000
-846456.7002064661000
-846478.5432644056000
-846478.0013442886000
-846299.7321883946000
-846344.5772471627000
-846364.5932695175000
-846263.5351532568000
-846269.4678445968000
-846266.7815862084000
-846409.5949583167000
-846378.5827762610000
-846572.2638304220000
-846509.1782526742000
-846341.4640475500000
-846444.2923637411000
-846362.9649922883000
-846228.8165668010000
-846555.2559180156000
-846242.4166419870000
-846313.4987964600000
-846602.5981795560000
-846474.7032162696000
-846449.8387517252000
-846648.0254853705000
-846576.3389271370000
-846454.9300258780000
-846408.6409398122000
-846420.2489934168000
-846266.5022443217000
-846399.5333011101000
-846442.5622279665000
-846403.3259876263000
-846462.0693221104000
-846352.2825841788000
-846229.2797208550000
-846351.3788382441000
-846336.1723427271000
-846282.0964221305000
-846282.6828478207000
-846322.8411910320000
-846198.2175173785000
-846192.8246268141000
-846150.7600641717000
-846277.7332252165000
-846350.7319943381000
-846397.0249351851000
-846345.0755281430000
-846454.7878475098000
-846436.7642052358000
-846291.7278830309000
-846277.8239091636000
-846293.3601759153000
-846414.5587120425000
-846469.8550805532000
-846263.3924688591000
-846294.9281263903000
-846478.5618859404000
-846341.0690548870000
-846273.7378198946000
-846411.3660264625000
-846272.0599054396000
-846309.0003240329000
-846216.6205702497000
-846345.5671540990000
-846297.2320595962000
-846341.0994327732000
-846348.9298004596000
-846407.7162957309000
-846368.9124088703000
-846353.4194505035000
-846377.3325239231000
-846344.6334946043000
-846369.1165578915000
-846303.0433076480000
-846483.0234956602000
-846395.8749166080000
-846541.1141442890000
-846509.6553942476000
-846414.9403629435000
-846448.4310903463000
-846502.9642363291000
-846515.4407663649000
-846419.2528702840000
-846424.1242180618000
-846345.0321254614000
-846298.3787296325000
-846289.1427967573000
-846151.0916377820000
-846254.2042776739000
-846408.9564949225000
-846437.0215457756000
-846180.9557758995000
-846285.8914459032000
-846359.4897177704000
-846389.4425942892000
-846414.8862511767000
-846354.7663985818000
-846539.3100456328000
-846532.8828707437000
-846639.4843691273000
-846626.2272129026000
-846617.4943168470000
-846470.3887466990000
-846562.4655825028000
-846675.1985590957000
-846619.5142269344000
-846655.3936971875000
-846589.2509967112000
-846462.8334544012000
-846500.0154481981000
-846578.1249135765000
-846369.9145651247000
-846387.7145832756000
-846223.0801886492000
-846259.3505138670000
-846358.8378206943000
-846365.8615927495000
-846381.2208425950000
-846284.3712063356000
-846342.0947383501000
-846158.4377604990000
-846317.6485935884000
-846183.8829981117000
-846080.2243234765000
-846197.2062462120000
-846332.1084091943000
-846184.6243684759000
-846202.9921601830000
-846110.7963154196000
-846221.7145122745000
-846222.6242767328000
-846208.1535946707000
-846193.7065329870000
-846286.9703116056000
-846199.1206596479000
-846236.9612816096000
-846301.8130554616000
-846145.4330630838000
-846256.5239737983000
-846324.4302516881000
-846346.0069291267000
-846238.2559113099000
-846158.8195642864000
-846288.3895979780000
-846319.9218744890000
-846158.3337840677000
-846026.1093104784000
-846156.3178497310000
-846173.8085617614000
-846214.5759983532000
-846112.1502110627000
-846135.1599501253000
-846201.1399867050000
-846075.1075177962000
-846147.0580511730000
-846137.8379601368000
-846275.1032034481000
-846260.0886866022000
-846181.4696906384000
-846209.1197936243000
-846302.6888629278000
-846302.7056112672000
-846308.9749820582000
-846177.9764735512000
-846294.1342375071000
-846311.0942509079000
-846519.9046557124000
-846402.5081931019000
-846226.2230581009000
-846138.6945207403000
-846272.5023580018000
-846255.8818985133000
-846283.9028774514000
-846303.8216991858000
-846374.4403921309000
-846295.6395875557000
-846177.2920870295000
-846254.1902070580000
-846200.5191203709000
-846233.1334313140000
-846198.4267721291000
-846278.9978487140000
-846271.7091864039000
-846312.1060468835000
-846392.5812136513000
-846355.1416693166000
-846250.6033816247000
-846226.2284027375000
-846169.3896581265000
-846097.8952515234000
-846089.8910978307000
-846239.8406574002000
-846263.5058691842000
-846185.3236746609000
-846420.9637140235000
-846323.9332832182000
-846276.1387500095000
-846299.6434164915000
-846187.3939240361000
-846255.6497756288000
-846227.7392682071000
-846145.6083480511000
-846238.5058075996000
-846233.9207357670000
-846290.0638826807000
-846429.5019553872000
-846276.7235912400000
-846168.2312573991000
-846276.8846876880000
-846220.7557302781000
-846233.6647928285000
-846257.3214719795000
-846265.9710333286000
-846378.5767978462000
-846333.7715794560000
-846223.2375899416000
-846010.4096355394000
-846174.1455527148000
-846276.9792618685000
-846397.1074307090000
-846263.9866523218000
-846343.4728308405000
-846243.2992173578000
-846421.5597431471000
-846326.4301884335000
-846282.5948595471000
-846204.2980518822000
-846278.8394744874000
-846163.1497968440000
-846188.6499698036000
-846224.8072251857000
-846297.5273940816000
-846155.8522120272000
-846188.6815451464000
-846243.9685248470000
-846204.0262848417000
-846152.8227095719000
-846292.0343707078000
-846088.9546812379000
-846135.0588596284000
-846144.5666132137000
-846278.9834408658000
-846042.2121744704000
-845958.6665641001000
-845900.0429946787000
-845987.1303431710000
-845948.0215882742000
-845954.5628924371000
-845972.1417378260000
-846039.0696547160000
-846061.1937902883000
-846047.2309713184000
-845866.4482690612000
-845933.0857389015000
-845866.1641598283000
-845825.1410450237000
-846007.7977958234000
-846171.8762024817000
-845945.8399807159000
-846015.8928019883000
-845957.2354981796000
-846015.9076346202000
-846052.1763591765000
-846206.8655674619000
-846113.9488800126000
-846167.1785538726000
-846183.3170650494000
-846163.7715256940000
-846276.7019525532000
-846214.0206039344000
-846196.3643004429000
-846166.7326271768000
-845997.8624706395000
-846044.3085080159000
-846141.0905217684000
-846150.6738954572000
-846249.7776446943000
-846185.4604995605000
-846126.8788266418000
-846213.2034336005000
-846243.1348470545000
-846274.1664640385000
-846127.5950653208000
-846047.5461873354000
-846072.0651710401000
-846185.2681280625000
-845973.1759491918000
-845938.2513863358000
-846025.2940878284000
-845913.0330254474000
-846091.9937570526000
-845921.1700921910000
-845812.0340414820000
-845947.6993553875000
-845988.9660080166000
-845989.1013265448000
-846026.0001627344000
-846136.4049949887000
-846095.1320516170000
-846244.7245914454000
-846161.6824289109000
-846188.4644009386000
-846245.0598464521000
-846244.5585069812000
-846258.7396115048000
-846268.8083927603000
-846245.9687791391000
-846091.3275987110000
-846149.7254550492000
-846130.9246634125000
-846193.4081045211000
-845920.2152015853000
-846092.0279517093000
-845970.9844628718000
-845910.2892204414000
-845946.3362782663000
-845851.4999744097000
-845899.1269155855000
-845892.2683674025000
-845862.1314436259000
-845830.5794808954000
-845932.1801482473000
-845876.6476661435000
-845883.1441688115000
-846030.6166843710000
-845948.8448156707000
-845994.5171163821000
-845871.2067473427000
-845858.8455483253000
-845799.2544699174000
-845926.5895664669000
-845834.7387682663000
-845872.6061031694000
-846146.8687276437000
-846037.5495340744000
-846012.4852124762000
-846034.0554301998000
-846029.6097147404000
-846089.3384549629000
-846215.0213149667000
-846165.5142793482000
-846164.4520116653000
-846201.2855648507000
-846275.4966356684000
-846212.2709460388000
-846159.3693280650000
-846060.6318374253000
-846142.7720107624000
-846144.9007598658000
-846050.7610469343000
-845906.0457651140000
-846070.3697301882000
-846149.7405425459000
-846236.9963746308000
-846141.3659837627000
-846220.6334781996000
-846232.7094558491000
-846200.0963589732000
-846211.6718030846000
-846342.2892020417000
-846483.0386719079000
-846351.9474936344000
-846396.0230058006000
-846230.8875911532000
-846333.2367862113000
-846269.4192126772000
-846148.1218927400000
-846229.4042821744000
-846216.0422417084000
-846356.2164065806000
-846156.4367124799000
-846152.2211170077000
-846202.5315276679000
-846129.6406887455000
-846141.6077659184000
-846159.5990373264000
-846163.2254639466000
-846212.8779290881000
-846246.6480171387000
-846287.7608751720000
-846261.4349259920000
-846255.9444896652000
-846206.1170711190000
-846265.1301499715000
-846191.8096157219000
-846232.3200361792000
-846200.7496988791000
-846170.3029314866000
-846238.0831850615000
-846298.0292396973000
-846186.8860236324000
-846134.6541775515000
-846091.0496748901000
-846113.1727242521000
-846182.6672666586000
-845913.6497201718000
-845908.5847042470000
-846067.0065880726000
-845966.0220880444000
-845947.0562758684000
-846045.0031749164000
-846147.6757854965000
-846116.5523789995000
-846218.8191570839000
-846071.9955763728000
-846130.6762343742000
-846118.2736834849000
-846154.1744775139000
-846014.4572739367000
-845995.1279994136000
-846007.9326982091000
-845851.4785377199000
-846028.7961638595000
-846137.0975404550000
-846250.4961749205000
-846077.7743856882000
-846141.9541695118000
-846098.8351771944000
-846129.8535800291000
-846128.8828720357000
-846251.6776470230000
-846050.3408961362000
-846050.1996865686000
-846315.3499700864000
-846369.3009590217000
-846208.0723978311000
-846074.1460554322000
-846192.8189773059000
-846184.6777811490000
-846098.8511849318000
-846149.1427334916000
-846279.4181070152000
-846162.7998625701000
-846000.9514058281000
-846217.8948912843000
-846292.4451623465000
-846308.6604112252000
-846314.7152021726000
-846364.8807810046000
-846396.8562967860000
-846308.1610268333000
-846300.2284120985000
-846351.9945639438000
-846074.2623178229000
-846113.1876810960000
-846222.1062342996000
-846258.0604946082000
