-1059079.6336484423000
-1058557.2244170816000
-1058077.7353139112000
-1057603.9059101879000
-1056969.7455887090000
-1056213.2859809378000
-1055208.4906582593000
-1053832.5327333470000
-1051685.8537480280000
-1048884.7560967111000
-1044933.6990140197000
-1039861.2333444511000
-1033788.1622401958000
-1027350.8007840316000
-1020870.2225287673000
-1014388.3232208526000
-1008581.3416662107000
-1003457.2749185961000
-998993.2414366207000
-995176.8208260204000
-992420.1054841524000
-989816.5262716954000
-987973.5148993236000
-986351.8910408706000
-984794.8794640645000
-983218.2755039361000
-981903.0591650859000
-980522.3139467657000
-979063.1666679345000
-977782.0500777296000
-976344.9167022980000
-974725.7325964564000
-972914.4393458925000
-971113.5721009546000
-969294.9832680547000
-967567.9438925273000
-966299.8652802596000
-965099.4119040095000
-964006.3358132751000
-962840.3458977635000
-961867.1712436293000
-961102.7835130060000
-960622.4000220965000
-960353.4327638563000
-960226.1802647915000
-960119.7555636858000
-960008.8210219331000
-959961.1055206012000
-959979.5809843985000
-959870.5798096195000
-959853.4840117239000
-959890.0273866847000
-959862.9602294078000
-959900.3262896470000
-959868.8341710017000
-959833.4602877100000
-959818.0530275421000
-959802.8633565360000
-959810.5975856682000
-959762.5586401988000
-959820.7102888832000
-959759.6875418754000
-959784.8348017486000
-959805.9756420754000
-959791.2376192150000
-959869.9472573865000
-959971.9528055540000
-959991.4889006306000
-959911.3184750588000
-959805.7519402993000
-959883.8426705911000
-959861.7997579597000
-959830.7411879306000
-959840.9169720518000
-959840.0318763308000
-959778.6033218750000
-959927.9011126520000
-959903.6462160308000
-959912.6248649798000
-959930.7010879896000
-959886.7291516684000
-959816.5513269904000
-959883.3667536897000
-959919.7450116904000
-959840.8436168822000
-959832.7611439613000
-959863.3358935037000
-959922.1168428633000
-959914.4199943544000
-959930.6692104937000
-959886.1165428606000
-959838.0664757289000
-959892.0446151873000
-959887.6336190454000
-959956.5842433263000
-959880.7555352766000
-959955.7481995166000
-959884.9051048490000
-959915.6461210201000
-959868.8346546316000
-959868.1046429427000
-959878.7526041634000
-960032.0133126020000
-959910.7351418545000
-959920.8590468377000
-959850.3297068767000
-959964.3831414719000
-959965.9678166367000
-959868.1813422815000
-959907.6021360114000
-959823.0095059643000
-959848.4925385221000
-959902.4097271066000
-959966.7613604215000
-960012.7672213125000
-959975.4798038831000
-959902.2136726455000
-959939.0551208106000
-959940.1823094253000
-959892.3024225397000
-959866.1977544372000
-959894.4500807598000
-959856.5546259735000
-959909.9506250570000
-959908.2921321929000
-959851.9818387702000
-959826.1418016060000
-959876.7253892914000
-959793.6377579677000
-959926.6237548776000
-959875.5549686751000
-959852.5472769596000
-959842.9445987765000
-959902.1135513473000
-959885.2144114429000
-959797.8758299655000
-959887.1447306667000
-959890.0854732490000
-959895.6575062732000
-959941.8456409114000
-960001.7664677574000
-960009.9925865781000
-959870.1429445572000
-959901.4592246126000
-959888.8541385878000
-959871.5913592878000
-959917.2233487478000
-959903.8743260870000
-959861.9569240847000
-959934.8507586245000
-959932.3842900115000
-959896.7978951660000
-959863.3436686284000
-959945.2930241740000
-959900.0096608452000
-959829.1582489419000
-959862.8384108136000
-959937.6749444827000
-959918.7841217613000
-959959.8227087725000
-959882.2796306512000
-959839.1337946590000
-959823.6744517908000
-959883.9592025488000
-959922.8475697467000
-959893.9021103276000
-959948.5308465780000
-959887.9398604917000
-959905.7368612634000
-959984.6295363220000
-959975.7068754407000
-959868.1556188407000
-959849.1501704088000
-959888.7892618704000
-959945.8831231202000
-959905.2076158795000
-959955.7128764925000
-959873.1761406201000
-959867.0107725278000
-959883.3976022629000
-959927.7795451661000
-959866.1425504801000
-959867.0178640153000
-959920.5771023538000
-959978.5322140242000
-959952.3167599561000
-959987.1535994228000
-959907.1441330693000
-959903.3006853354000
-959892.4804577922000
-959909.8442712509000
-959860.8261687843000
-959946.5630712315000
-959930.7097499111000
-959798.6125091864000
-959910.8520161443000
-959789.9923794699000
-959852.9326610297000
-959849.9103382889000
-959765.8096325977000
-959935.2411185890000
-959962.6888637118000
-959923.6141441512000
-959929.3634476223000
-959893.6892495478000
-959978.1785578885000
-959880.6954880408000
-959885.5287470304000
-959950.3013831380000
-959858.6804898632000
-959864.9762391088000
-959837.9940748952000
-959834.5736301754000
-959865.6497865870000
-959830.7928943605000
-959854.0926177348000
-959859.0871766515000
-959920.2068665929000
-959893.2701273472000
-959899.2301609751000
-959930.8431604560000
-959842.0622895483000
-959866.1253681617000
-959982.2209093111000
-959918.8409696254000
-959812.1578105626000
-959780.1392908966000
-959863.0755985079000
-959846.9910050354000
-959844.5058505770000
-959899.8726215725000
-959878.4876005446000
-959998.7801191054000
-959978.3800467110000
-959980.2941011726000
-959942.7977950965000
-959859.9051816486000
-959855.1218574081000
-959821.0160202540000
-959859.9418178152000
-959818.3208907569000
-959900.5052858159000
-960011.2410270199000
-959980.1148509117000
-959930.8141106361000
-959864.6482715715000
-959869.0660900900000
-959889.5161717451000
-959892.0183505018000
-959949.8152057800000
-959850.1754965443000
-960033.2305390086000
-959965.4639355593000
-959900.4310486759000
-959899.8734959423000
-959873.6598992139000
-959896.9738997802000
-959951.9985761606000
-959899.7768753696000
-959913.1854940930000
-959841.9616719330000
-959755.4508803994000
-959876.1323555324000
-959857.7565438981000
-959868.2059762669000
-959920.8456771370000
-959774.3183287007000
-959850.5094829992000
-959840.6394936147000
-959928.9409619048000
-959987.8700145851000
-959965.9897347657000
-959920.7154785352000
-959863.3365312993000
-959899.9885462271000
-959930.9806228264000
-959874.4134551737000
-959949.4315116860000
-959829.4754297644000
-959878.6352836955000
-959859.1617670221000
-959803.1882722139000
-959855.0055346475000
-959802.4359925000000
-959749.7045082340000
-959901.0872434152000
-959910.8553900126000
-959979.2369654677000
-959822.4612121352000
-959834.7416124459000
-959915.7460385434000
-959793.5929032426000
-959870.5537133955000
-959967.4044068240000
-959946.4184466690000
-959920.9284831692000
-959902.2977949094000
-959938.6360269250000
-959909.6957996541000
-959892.5405507018000
-959863.8046144865000
-959918.3528311403000
-959923.0601334419000
-959926.4103969098000
-959914.6794149810000
-959900.7243885886000
-959870.4921448494000
-959856.2507220296000
-959976.2736435890000
-959814.5399705137000
-959855.6170568676000
-959948.2779128561000
-959976.3165641836000
-959895.8300304087000
-959846.1798814631000
-959762.0751702936000
-959923.2899159157000
-959916.2719408177000
-959776.1264403214000
-959815.9816934750000
-959979.4975393858000
-959921.2635778849000
-959934.8378744320000
-959867.4128417058000
-959823.6209884501000
-959839.1298942640000
-959863.2280951818000
-959896.1487490189000
-959879.2322510881000
-959913.4202234135000
-959890.0161763539000
-959934.2658696016000
-959955.5750539181000
-959957.9843360537000
-959855.0559951491000
-959890.2112325977000
-959910.5886451651000
-959834.5575334093000
-959851.5533708899000
-959916.2136401169000
-959915.2566679656000
-959915.6105355102000
-959931.4808516500000
-959898.9533245544000
-959952.3810781556000
-959873.6588616892000
-959887.7609734241000
-959950.3938365508000
-959863.2471268706000
-959903.8072145608000
-959859.6287670467000
-959847.5321634756000
-959966.6514025826000
-960062.6947915589000
-959908.7837836235000
-959898.5193659749000
-959886.8464878610000
-959890.3464313664000
-959837.2651117096000
-959824.0070741657000
-959799.2373499221000
-959840.9869564034000
-959864.6382281791000
-959852.9290041438000
-959836.5010522781000
-959851.6605293886000
-959909.4619989883000
-959917.5767523948000
-959963.7946094556000
-959938.2224933755000
-959960.1570811168000
-959964.4899846202000
-959903.8980295415000
-959918.2258432037000
-959814.3791493408000
-959902.4108922460000
-959982.1957057300000
-959862.0362798386000
-959828.5251941320000
-959880.2716814517000
-959918.7758093511000
-959892.3264684977000
-959893.8864546875000
-959925.5331306608000
-959882.6422134818000
-959899.4103962546000
-959969.8888310540000
-959988.2076515403000
-959889.0565245231000
-960003.7663080636000
-959951.2498492931000
-959945.3722380112000
-959883.4371783611000
-959938.4820535186000
-959908.5136799227000
-959915.5177587845000
-959859.8259928286000
-959899.4717147160000
-959908.6284130282000
-959898.9271542582000
-959816.1364550502000
-959823.4328969938000
-959935.4967583178000
-959879.2988257194000
-959949.0601486553000
-959993.5186204559000
-959929.0472242630000
-959846.9366311115000
-959802.3275414987000
-959866.6554019484000
-959825.0050051930000
-959931.0604993389000
-959947.3009468869000
-959945.2052340214000
-959873.9386399440000
-959880.4424762180000
-959914.3673471053000
-959944.9480568029000
-959870.2763284745000
-959860.1792288019000
-959890.9121337604000
-959785.4123987677000
-959824.2515711986000
-959862.2734801678000
-959837.8589077520000
-959909.8991581064000
-959862.6186682202000
-959879.1888681725000
-959915.9238380888000
-959856.1703151717000
-959806.0551483447000
-959899.0841215642000
-959828.2651674624000
-959993.8133387098000
-959992.2483801446000
-959963.1514249927000
-959915.5285164700000
-959904.7802534122000
-959889.9070858414000
-959852.2316969876000
-959891.4777250049000
-959951.6727907077000
-959903.1530485984000
-959880.3930113239000
-959814.4355073140000
-959799.7057178540000
-959762.1289997263000
-959923.0916193356000
-959918.1581848774000
-959927.1797244997000
-959796.8280841062000
-959965.1525863078000
-959890.3055968850000
-959948.5526003573000
-959929.7344765401000
-959850.2334132202000
-959920.3259011650000
-959977.5413973584000
-959927.4687984130000
-959957.9476976399000
-959882.7064567269000
-959861.7167370098000
-959923.4927651646000
-959900.9269712379000
-959961.6878899968000
-959850.7121912382000
-959878.0760964693000
-959886.1250578335000
-959809.4593041644000
-959893.8876268786000
-959849.8440282736000
-959870.6433189048000
-959926.9666609733000
-960003.3304058466000
-959977.9055861471000
-959951.3783941979000
-959968.8958863196000
-959885.6144507154000
-959930.9111369854000
-959881.0068522849000
-959894.2499843483000
-959842.2799320421000
-959850.3821545878000
-959892.2153204410000
-959920.1524277758000
-959884.0278233939000
-959896.9161406250000
-959977.4001783486000
-959997.3104325730000
-959947.7315296328000
-959953.2071674807000
-959915.4520491691000
-959928.5056380036000
-959869.1856132628000
-959860.7302331500000
-959985.2238237764000
-960056.4250169881000
-959913.9718034477000
-959891.3334223810000
-959862.7899701416000
-959801.0607227942000
-959900.2539549768000
-959870.0387345214000
-959842.2052426232000
-959828.7793877266000
-959841.5421849160000
-959934.6919867767000
-959889.5601638258000
-959896.0323934959000
-959896.9128950906000
-959888.2608435937000
-959870.1396416113000
-959940.6143221590000
-959948.5461071499000
-959950.0981393468000
-959983.4468690663000
-959851.1519461342000
-959924.8331336170000
-959952.1767286282000
-959913.7572880630000
-959921.6134353149000
-959841.9140847365000
-959900.7367116531000
-959884.2136350372000
-959932.1264310495000
-959952.6194863365000
-960029.9031215786000
-959951.0177979574000
-959829.8998070796000
-959885.5125151171000
-959966.7236698191000
-959923.5763605953000
-959889.2051889873000
-959955.6950470290000
-959835.1554476153000
-959829.7744908360000
-959874.6541237091000
-959820.4212791368000
-959775.9538074291000
-959867.6012650116000
-959818.1628163188000
-959869.8941350597000
-959885.7551593259000
-959947.6441984824000
-959803.4175168788000
-959878.8470578791000
-959855.3182877739000
-959990.5668800821000
-959869.5898675328000
-959855.0494281256000
-959851.9580660122000
-959877.1381890886000
-959834.1531928942000
-959868.7650519987000
-959910.8122372356000
-960008.4804443119000
-959955.4514239706000
-959890.5620053532000
-959917.8798359296000
-959916.6558201570000
-959854.9672455254000
-959827.9414416173000
-959887.9846158869000
-959925.4049787956000
-959869.9949310456000
-959894.2583758743000
-959796.4532179520000
-959711.9930464799000
-959779.9162602064000
-959934.9323772256000
-959882.9544343067000
-959838.4860909970000
-959836.4548583678000
-959883.5728766863000
-959877.9529606077000
-959829.2807287700000
-959915.7731992999000
-959867.0443260530000
-959873.8075054353000
-959810.1855873825000
-959832.5298368245000
-959921.6619991024000
-959932.5041916602000
-959866.7809615699000
-959980.9283605017000
-959902.0131341487000
-959909.7180131045000
-959896.7241187555000
-959905.3739918371000
-959901.7493047205000
-959945.2423235984000
-959956.8029393639000
-959897.1365839035000
-959911.1665910773000
-959912.7576366654000
-959839.3083351157000
-959862.4530624897000
-959828.6769404776000
-959850.1178827584000
-959845.0029160476000
-959802.7863538820000
-959932.6411313225000
-959911.1759692219000
-959883.2536662710000
-959903.9213403004000
-959927.8374192180000
-959938.1601016447000
-959867.0787459242000
-959882.9561678927000
-959860.0139849196000
-959902.7826897274000
-959877.0583794202000
-959937.8886060971000
-959954.7960887676000
-959850.5380251659000
-959869.8438123206000
-959888.4051668538000
-959886.5549629970000
-959911.8274238772000
-959888.2422568483000
-959882.5841076635000
-959917.2677036684000
-959822.4060836090000
-959874.3817182693000
-959937.9377357711000
-959878.6045998705000
-959891.9999198741000
-959848.8976611830000
-959966.7405828657000
-959855.0496968434000
-959869.1585409372000
-959956.9496153786000
-959883.5677040346000
-959903.0892471268000
-959891.6595084263000
-959922.0907565875000
-959933.9614102946000
-959941.8753399720000
-959943.9134237998000
-960029.6433944472000
-959980.0951423171000
-959996.4183404847000
-959925.6555092061000
-959882.9824151015000
-959935.7797151159000
-959886.5579848128000
-959786.5371176573000
-959930.7659349450000
-959860.5048997358000
-959984.8419691413000
-959922.3868364008000
-959905.5655193938000
-959886.6302980040000
-959862.7020831672000
-959842.3258456446000
-959818.4388780585000
-959850.8216484635000
-959819.8753973820000
-959855.0661098104000
-959797.6090766811000
-959970.8711664866000
-959925.3830906603000
-959922.9837968805000
-959899.5467113943000
-959794.9516696902000
-959877.4729418999000
-959920.7430100722000
-959891.5871654605000
-959952.4095630624000
-959946.5685964827000
-959856.1129097601000
-959862.4474120676000
-959973.8494604070000
-959914.0240010895000
-959942.9230271879000
-959868.6913032812000
-959912.1686264771000
-959882.3260779150000
-959972.0548962613000
-959849.0772271779000
-959824.0289007456000
-959867.9468076088000
-959846.2811075770000
-959895.0195151349000
-959837.7048595347000
-959848.7063070775000
-959854.7352263577000
-959907.2026760831000
-959905.2141437486000
-959889.6163924244000
-959902.8440739762000
-959879.3873742453000
-959965.3710480718000
-959943.1971433492000
-959935.8157632565000
-959942.5940902692000
-959892.1097328438000
-959934.0607637976000
-959917.2799894081000
-959901.8151408521000
-959857.8606801510000
-959803.9118946549000
-959825.1737595086000
-959838.3426655038000
-959893.9829766446000
-959841.3869538003000
-959918.2513427073000
-959860.4125590504000
-959833.2760651720000
-959889.0758083680000
-959970.4829679184000
-959951.0397355060000
-959924.5581277881000
-959918.4671429881000
-959897.9844653256000
-959947.9177224602000
-959939.4160874141000
-959874.1266081600000
-959874.8397436413000
-959917.4829909606000
-959898.3194788994000
-959916.8563038446000
-959882.4743387828000
-959930.0611055341000
-959896.4341452962000
-959859.2940656894000
-959817.8791469877000
-959908.6948648464000
-959862.7435986559000
-959904.2918001130000
-959785.7507188523000
-959829.5408936360000
-959825.2428807148000
-959933.7451194082000
-959872.4382396427000
-959882.2891888142000
-959929.7505542969000
-959916.2873391164000
-959878.9113865239000
-959906.5365049081000
-959919.3703660027000
-959910.7065286794000
-959864.1922533093000
-959929.4621713632000
-959869.3611029040000
-959953.0465556663000
-959960.8121890665000
-959957.7419644294000
-959986.5424951419000
-959912.2521668377000
-959880.4695516304000
-959935.9547851562000
-959875.5791950101000
-959865.7152320477000
-959896.1340965333000
-959917.5053914551000
-959923.2226669901000
-959868.5149975944000
-959833.8933527471000
-959849.1520039790000
-959893.0967909168000
-959931.0232535650000
-959904.8032777238000
-959930.7905673186000
-959940.1863761259000
-959878.1962627396000
-959907.7319973202000
-959921.6364167780000
-959887.1534871267000
-959911.5938501358000
-959891.1418172765000
-959823.0978125166000
-959808.6601681667000
-959857.6395006985000
-959918.6074645504000
-959936.0177553076000
-959969.2720788821000
-959936.2299435881000
-959976.1771356254000
-959821.0679671593000
-959872.5841351412000
-959941.7146991689000
-960041.4700810935000
-959943.9991472075000
-959919.2304253980000
-959903.3784753853000
-959901.9813771856000
-959872.1970851475000
-959935.8575339875000
-960024.4121740469000
-960060.4521559693000
-959902.7115427419000
-959892.7529576450000
-959981.9658902680000
-959994.4102074094000
-959925.3844099082000
-959845.5012468916000
-959851.0603978538000
-959878.4377089794000
-959885.3610371774000
-959894.1807495662000
-959857.5278704386000
-959840.2116892840000
-959906.2125838060000
-959781.4087516025000
-959885.0425025157000
-959788.8486634482000
-959907.7780520774000
-959988.2105281611000
-959965.8379782538000
-959851.2540432075000
-959893.7795889226000
-959935.4850278280000
-959914.6339375057000
-959900.9603644835000
-959933.1118802278000
-959978.0174548901000
-959894.1717532001000
-959879.9205370585000
-959861.2065991530000
-959997.1671332602000
-959825.6870645897000
-959955.8603190016000
-959968.2529968976000
-959948.2938640065000
-959955.3026206776000
-959872.6667373762000
-959836.2822866791000
-959887.0930317985000
-959946.5526486002000
-959952.6313476743000
-959956.0007978698000
-959940.6369182730000
-959877.4254308431000
-959845.5469254510000
-959803.4133339146000
-959805.1212218878000
-959797.9161744710000
-959867.2024880676000
-959870.1017061953000
-959907.0770418799000
-959873.4554774646000
-959897.1670345815000
-959835.8374621470000
-959779.5581443916000
-959881.5074113248000
-959826.8209585336000
-959953.1469837002000
-959935.5666950250000
-959903.1228174763000
-959935.6083241032000
-959906.9893702463000
-959876.7517380246000
-959842.7522437926000
-959825.3896389843000
-959768.4692970812000
-959873.4913412218000
-959955.5736655195000
-959870.1307745979000
-959955.1485976389000
-959998.7920770568000
-959903.6184502060000
-959899.2265536563000
-959815.4516317920000
-959851.2904861976000
-959855.9801237507000
-959872.5552651299000
-959929.2601134030000
-959894.2698640826000
-959850.2483296907000
-959822.5654700516000
-959902.4151301053000
-959981.3983059106000
-959989.2002590778000
-959942.0353879901000
-959888.2076125038000
-959762.1880324413000
-959828.7543054596000
-959823.3010704600000
-959924.5197317944000
-959883.8432307012000
-959891.1648863603000
-959865.6896105247000
-959845.9440468188000
-959769.0201523894000
-959898.1066676246000
-959918.1385362927000
-959916.6998256147000
-959959.6842218338000
-959854.8062465480000
-959846.9529828876000
-959858.7254978324000
-959894.1764234416000
-959900.6387784425000
-959857.2428712100000
-959847.0834275332000
-959910.1416175108000
-959890.4365325820000
-959930.7777181303000
-959953.5331755781000
-959841.1286142694000
-959922.2308811826000
-959855.7997190992000
-959776.0776558538000
-959904.7386082814000
-959882.8339212097000
-959851.8603125935000
-959851.7460710510000
-959849.5389988135000
-959820.6603246878000
-959931.7549852802000
-959938.9690658478000
-960014.0071831732000
-960062.5501030798000
-959953.6165952097000
-959801.0195276449000
-959783.6724263325000
-959842.6595917138000
-959896.0653882438000
-959938.8829779548000
-959862.6902000513000
-959856.1925945655000
-959971.6933741140000
-959833.2703406599000
-959986.4491605143000
-959943.3251859145000
-959903.4977534905000
-959842.5747341813000
-959977.8728241733000
-959911.7590969555000
-959849.2432455387000
-959920.2112218719000
-959880.1574881637000
-959899.7533343341000
-959863.7689434426000
-959911.6136021776000
-959948.2517750559000
-960004.0539902640000
-959859.9007874009000
-959936.7291918808000
-960022.7239589484000
-959969.3822787501000
-959916.3147906300000
-959913.9920607071000
-959897.5235189341000
-959861.1818706684000
-959872.3339344328000
-959862.7039634779000
-959946.6124521420000
-959997.7023953395000
-959979.2150356781000
-959982.3754668004000
-959906.4380445680000
-959920.7273380235000
-959949.1488999948000
-959957.7080605401000
-959883.5570042968000
-959933.0315363320000
-959929.2795284125000
-959908.6001006378000
-959914.2644916637000
-960006.8836574380000
-959932.3860594055000
-959890.7432734979000
-959922.7399596166000
-959872.8545676853000
-959824.1509453694000
-959872.0901702885000
-959906.4446598960000
-959966.6713017129000
-959976.7679034185000
-959912.5986043207000
-959854.4103504578000
-959929.8419073591000
-959776.6527829145000
-959869.3724212523000
-959916.1739612657000
-959928.5590970580000
-959882.5206087456000
-959855.5554718530000
-959847.7071604215000
-959898.6436849525000
-959908.0417238639000
-959837.8308054330000
-959811.4361327671000
-959853.9258089121000
-959841.9500638664000
-959873.1426333082000
-959811.5521565764000
-959810.5329964291000
-959865.7940461519000
-959889.7675712149000
-959905.4659485257000
-959906.8326957044000
-959796.8017101794000
-959911.8669854453000
-959904.0447612251000
-959931.6105063192000
-959930.7012321350000
-959925.3993924719000
-959913.7099565639000
-959822.7899002349000
-959856.1933206483000
-959850.3339085865000
-959874.5641591325000
-959848.6023944232000
-959892.6407929856000
-959845.3197563994000
-959949.4520545304000
-959929.4546276438000
-959833.1638344041000
-959853.6636294117000
-959899.2248085033000
-959855.1384563380000
-959857.3405940740000
-959861.6563803487000
-959951.2193429334000
-959886.4430976766000
-959882.2901462408000
-959910.4327703580000
-959958.8025033355000
-959869.2743553364000
-959878.8999061211000
-959782.4729167961000
-959865.9750466350000
-959816.0421538660000
-959845.6843612448000
-959856.5019198796000
-959880.8011657714000
-959853.1430776003000
-959863.7605217281000
-959976.7221011507000
-959893.6510997629000
-959980.5145009157000
-959970.5119905727000
-959952.3323696199000
-959965.2298121067000
-959916.6231894611000
-959956.8447955819000
-959936.1921204469000
-959927.7287600396000
-959894.7946381553000
-959942.5902398234000
-959883.8604503446000
-959889.7445245538000
-959814.0916221364000
-959830.2390922619000
-959774.9020751636000
-959794.1695056784000
-959799.1675340977000
-959777.7951391632000
-959838.8451537120000
-959873.1574015598000
-959806.7677832152000
-959898.6771486804000
-959866.7927858524000
-959916.4423106989000
-959975.9065301842000
-959913.4501673575000
-959865.8971136650000
-959847.4593454711000
-959879.5649844697000
-959882.9512472950000
-959881.2345901908000
-959813.9011006922000
-959893.3831261320000
-959858.7435689766000
-959795.9898822966000
-959863.7915507281000
-959811.9268337601000
-959882.9760438574000
-959857.5302771314000
-959859.0873995255000
-959826.7937437759000
-959914.9778353471000
-959968.6285506404000
-959905.7301133721000
-959887.3005062842000
-959845.3245372904000
-959863.2858926143000
-959873.8013673424000
-959859.0743598638000
-959936.0531242783000
-959962.1831540025000
-959938.9590837901000
-959867.8888282527000
-959838.2332949828000
-959889.6915404097000
-959976.5277887197000
-959916.4483103488000
-959817.3120605834000
-959953.9016554218000
-959857.4862432374000
-959788.7858780395000
-959828.6007219258000
-959945.8272699544000
-959872.4942762875000
-959915.8551694578000
-959830.0170832490000
-959892.0423823604000
