-897821.1620065005000
-890001.1436235672000
-884591.5245632144000
-880687.9972696108000
-877724.4931078207000
-875386.5277686296000
-873463.9302388272000
-871705.3217570841000
-870097.4210819495000
-868812.6589741885000
-867448.1266887992000
-866533.9154570200000
-865433.7741237963000
-864506.3388559218000
-863490.3042636884000
-862595.2352769683000
-861840.7406424442000
-861032.8316897474000
-860444.6426145352000
-859585.8937628765000
-859049.5905771757000
-858254.2919800448000
-857618.5299354116000
-857068.2891544400000
-856397.4910840992000
-855775.8024906473000
-855388.4147215663000
-855004.4846049964000
-854437.0248565682000
-854012.3325546570000
-853622.1380204009000
-853394.4510351031000
-852823.7180222725000
-852471.5326112814000
-852038.3355425297000
-851712.6731725701000
-851234.4387524747000
-850912.7908227829000
-850527.1190654250000
-850280.1278682573000
-849964.9076877263000
-849631.1097685691000
-849361.7663659847000
-849110.6859091653000
-848745.2982137300000
-848463.2799484694000
-848353.9538548286000
-848025.2434347481000
-847734.0847336276000
-847641.9790873264000
-847311.2999069329000
-847077.9132976670000
-846971.6058942220000
-846492.5942225633000
-846470.6614173898000
-846155.0259110562000
-846014.3965088691000
-845784.5893710050000
-845623.1700458785000
-845548.7481297469000
-845399.2976391115000
-845291.1316651063000
-845296.7690728170000
-844930.3434115546000
-844759.8674656891000
-844660.7534463610000
-844399.4684702160000
-844283.8254720273000
-844094.7857306004000
-844034.1495140968000
-844015.2710765230000
-843838.4690167463000
-843800.2142831129000
-843720.6191376428000
-843481.7599846564000
-843351.5384739073000
-843221.0683862517000
-843102.2784131526000
-843024.0531753186000
-842767.3052110429000
-842760.7738395185000
-842679.8951518515000
-842390.8229796978000
-842430.3771041330000
-842271.3108839295000
-842285.5135748828000
-842273.4365497191000
-842034.5150338938000
-841897.3104325406000
-841691.7676332212000
-841619.5597098095000
-841446.0489389683000
-841308.7762033811000
-841392.6152509172000
-841280.0762181233000
-841225.7276310907000
-841131.3966942743000
-840979.4805185017000
-840913.7152200645000
-840916.8053737662000
-840839.2075797812000
-840780.7440412228000
-840670.3194305603000
-840500.7035039146000
-840354.9467994336000
-840388.1895369221000
-840329.5111804527000
-840303.2901225394000
-840150.4666176777000
-840044.5958661259000
-839913.0284567280000
-839709.0126806084000
-839721.7930056422000
-839602.2144086349000
-839712.7949804539000
-839605.6427297357000
-839412.7985647651000
-839401.7622014164000
-839408.2462048416000
-839333.0713938841000
-839322.6969134101000
-839123.0390167515000
-839034.3826815377000
-839041.0381833462000
-839098.4334478982000
-838995.1077060885000
-838968.8963728973000
-838816.5614643926000
-838872.1301199166000
-838870.8390146126000
-838781.6670967398000
-838620.5297550994000
-838726.5129652712000
-838652.4580941283000
-838549.4816882582000
-838541.0730376998000
-838314.3105418916000
-838482.2032496968000
-838186.5952725309000
-838198.8317893551000
-837927.4504216350000
-837981.0240016804000
-838099.5533078746000
-837999.4175763442000
-837840.4573799022000
-837795.8221981716000
-837817.8346704647000
-837683.6953905650000
-837675.3666337150000
-837742.1465219620000
-837751.5624851757000
-837596.2511782567000
-837302.5155220025000
-837301.2271008736000
-837260.3405273415000
-837351.8832765471000
-837236.9556746029000
-837195.5156425118000
-837262.5758209408000
-837141.9420138824000
-837104.8167389052000
-837050.2353818347000
-836966.6968743727000
-836919.9775665265000
-836782.0854349216000
-836779.4992744704000
-836802.8498385918000
-836775.8175429226000
-836643.1166977609000
-836690.2914812192000
-836664.4579513632000
-836706.3777137577000
-836746.9222284980000
-836563.2741110940000
-836490.3217572918000
-836442.0448759298000
-836544.1352681434000
-836584.9438109242000
-836440.8243346864000
-836349.1815046777000
-836263.0758025277000
-836133.0390415833000
-836159.8066948096000
-836145.0749031532000
-836139.7648412136000
-836208.0942839195000
-836215.6907705134000
-836168.6354368203000
-836261.6679191381000
-836215.9689237146000
-836074.8574654614000
-836019.6712890839000
-835916.0343531446000
-835869.1181866747000
-835864.0367284139000
-835808.5884254853000
-835656.1644570443000
-835734.2177769814000
-835780.1871268431000
-835567.2715741231000
-835647.3587775105000
-835619.5013834392000
-835638.9972761245000
-835621.0410543470000
-835651.9123211813000
-835587.3227532756000
-835473.9439674244000
-835491.5876743236000
-835542.8823845468000
-835514.3157269934000
-835365.9897553932000
-835363.2761830282000
-835320.3333205845000
-835375.8281106029000
-835255.9244215051000
-835201.2355698858000
-835127.0072856320000
-835102.3710015321000
-835278.6194347651000
-835014.4544142652000
-834998.6256380401000
-835201.8768345523000
-835049.0390133566000
-835057.0766379130000
-835139.7165799010000
-835319.2336543802000
-835260.7323908289000
-835051.3491203571000
-835072.1346101024000
-835111.9195872094000
-835079.8395453058000
-835000.2695102207000
-834874.6257575066000
-834920.0689654357000
-835026.6339538605000
-834835.1600640902000
-834864.2029423588000
-834862.5703233264000
-834857.0606437963000
-834831.0047993497000
-834605.5762544427000
-834665.7483605914000
-834699.9409222285000
-834742.0834959430000
-834630.3638130754000
-834558.6397082150000
-834626.6253890903000
-834517.1706148167000
-834577.1263605099000
-834726.8582558178000
-834606.5095699051000
-834656.3038652060000
-834566.7066651384000
-834644.1377293963000
-834619.2027596671000
-834664.2046164530000
-834608.0391105090000
-834506.1165440532000
-834582.2968746105000
-834452.0439406049000
-834363.1094377649000
-834498.4135739334000
-834570.8976048408000
-834521.8775088743000
-834627.1975650721000
-834533.6854388809000
-834482.7726673753000
-834486.7319375261000
-834364.6205192895000
-834430.5973226960000
-834259.4568397270000
-834442.1851643586000
-834338.3591358415000
-834305.7035772730000
-834372.9704004616000
-834236.0187871024000
-834180.9850253109000
-834142.1203046622000
-834262.7812568339000
-834184.3832247802000
-834004.9433443470000
-834020.0103258097000
-833847.5254235609000
-833967.6719289076000
-833880.4541102138000
-833988.0022790352000
-833812.8740586770000
-833890.5562575418000
-833940.6771453955000
-833921.0549089500000
-833806.4744302271000
-833854.2941634508000
-833923.0300114123000
-833777.4092113931000
-833841.4952804627000
-833712.0305031557000
-833733.0289161366000
-833504.6401743950000
-833658.4816020743000
-833813.3595226037000
-833872.1437641665000
-833709.8978602216000
-833640.6299903233000
-833722.8150411345000
-833597.4468185832000
-833710.1097828174000
-833555.8017247170000
-833533.3292346360000
-833549.0913415818000
-833403.6595820063000
-833505.0220363266000
-833694.9997064557000
-833618.1914574004000
-833605.6132597460000
-833625.1429725747000
-833515.0058167172000
-833541.9989214820000
-833450.4694284011000
-833555.1229268933000
-833706.5162204284000
-833755.0851398330000
-833375.7008738104000
-833525.8103954078000
-833426.9391418044000
-833441.5782680128000
-833434.6008125069000
-833493.5420233458000
-833613.3634832972000
-833490.5669973432000
-833451.0230519756000
-833417.7460281985000
-833495.3662827222000
-833415.6082249641000
-833365.3762430499000
-833509.0914962107000
-833398.0754151095000
-833369.6830368284000
-833362.0105276596000
-833490.1708512695000
-833380.4247170759000
-833543.7112577489000
-833517.3960076878000
-833382.7068598415000
-833424.7535960071000
-833389.3771195535000
-833386.8971376847000
-833311.8140760575000
-833226.1739025732000
-833126.7931709889000
-833182.0606345233000
-833289.6763597776000
-833405.4990779812000
-833285.7370261244000
-833111.6765360680000
-833106.7489910646000
-833195.8225447019000
-833012.7105714330000
-832935.3815549632000
-833052.0152779053000
-833156.9123603902000
-833008.5208216043000
-833008.0155169925000
-832969.7977819969000
-832999.5328014420000
-833009.7205360240000
-833013.3545752581000
-833000.1352199534000
-832845.7070451429000
-832880.5447870755000
-833001.3421305679000
-833098.1241962917000
-833042.9737934850000
-832972.7719244384000
-833008.9987189985000
-833051.6348316068000
-833122.9899248724000
-833084.9564098832000
-833048.9494841419000
-833148.0501743387000
-833079.6225145663000
-832892.2616887307000
-832945.4602158484000
-833033.4278120422000
-833085.2834417117000
-833047.2038868633000
-833067.4056737930000
-833055.0362441463000
-833024.9420389169000
-833008.8852425450000
-832918.1700822562000
-833093.9414631071000
-833008.8525806939000
-833095.8723649617000
-832919.7708891911000
-832902.7419081129000
-833094.3951754548000
-833073.1630751850000
-832965.9279416372000
-833053.2103966564000
-833003.6277364399000
-833040.2056757311000
-832882.5955072246000
-832915.8425854283000
-833082.6547854696000
-833140.2191671219000
-833043.6213786376000
-832949.9490906622000
-832964.0389517175000
-832960.5177510022000
-832833.5677842505000
-832774.5715075637000
-832871.6447725433000
-832849.3436950810000
-832733.0215993116000
-832738.8998282194000
-832824.9421659395000
-832710.7176133220000
-832787.8544804945000
-832783.3064205867000
-832687.9435100725000
-832788.7439426110000
-832936.0035501982000
-833038.4650764827000
-832910.3225490070000
-832785.7795335246000
-832737.2032932099000
-832757.2469301459000
-832711.1459628221000
-832743.2552939394000
-832801.6504984380000
-832781.2054577124000
-832737.6956114144000
-832649.6097379016000
-832581.0660536573000
-832656.7851691515000
-832655.7640906292000
-832605.7745237583000
-832630.2210342968000
-832660.8067519580000
-832552.6880505627000
-832498.9258819234000
-832553.5911640903000
-832663.1516625818000
-832606.0343964098000
-832695.4720587935000
-832716.2750021690000
-832526.1356471870000
-832722.7543587282000
-832606.8991978663000
-832589.5698683592000
-832676.2601232929000
-832596.8060574587000
-832749.7169495526000
-832768.0842195746000
-832659.2868866042000
-832625.5294022423000
-832767.0981080232000
-832606.2946930615000
-832510.3470635789000
-832364.1929646490000
-832455.0381845030000
-832464.7235268479000
-832475.8042083647000
-832548.6756169675000
-832507.0358256743000
-832630.6352448355000
-832456.0780272944000
-832561.1713548581000
-832490.1484389254000
-832435.5736160660000
-832389.2576701562000
-832415.2393534355000
-832407.8434073379000
-832380.0464481572000
-832338.6599676119000
-832335.8268668492000
-832384.3225894868000
-832366.2986295244000
-832310.6610016107000
-832287.1777135876000
-832190.4005820208000
-832212.7637242932000
-832238.7400876499000
-832186.7476648076000
-832196.5247936829000
-832245.9575058618000
-832200.8246179227000
-832189.7961205982000
-832138.2097631483000
-832161.6813810023000
-832271.8896329189000
-832090.7838771270000
-832111.0912170428000
-832021.2900899916000
-832008.2287927396000
-831988.2726276359000
-832041.0498223488000
-831956.1499442856000
-831990.6141216872000
-832050.4446769978000
-831983.5033033837000
-832192.6324205715000
-832075.8886430665000
-831969.4368018610000
-832037.4879108960000
-831924.9057519063000
-831919.5985659164000
-831936.5671525201000
-831900.7556400946000
-832061.8439336912000
-831861.2012151082000
-832048.2689358024000
-831935.5687941296000
-831958.1936706441000
-831963.6585751795000
-831994.0177790534000
-832000.5351965561000
-832124.5895936377000
-832096.0734389725000
-832207.6185727660000
-831991.6941249480000
-831822.2311012635000
-831916.6829795914000
-831968.0242842052000
-831964.7702090190000
-831891.1989899076000
-831831.6703459165000
-831844.0113751407000
-831763.4585843242000
-831656.0816142958000
-831765.9866512517000
-831775.6612646383000
-831828.7770065424000
-831714.8825825652000
-831801.7049746098000
-831877.7259612622000
-831791.1262831300000
-831769.1957821064000
-831706.6455021532000
-831742.1575484711000
-831709.8876033137000
-831837.0434080551000
-831668.4241995709000
-831744.6003355349000
-831859.1217310838000
-831721.7376567457000
-831680.9713642672000
-831888.8422641819000
-831664.7830828248000
-831768.9400218569000
-831830.8476105708000
-831756.1339062778000
-831753.7946196595000
-831815.5041782402000
-831616.4008346160000
-831668.5395407130000
-831596.6447107024000
-831699.1625260698000
-831630.3012907162000
-831555.2967758020000
-831727.3642894938000
-831886.8756208351000
-831691.5045397138000
-831716.3370925089000
-831696.9841024592000
-831680.8509646701000
-831607.7596982912000
-831694.4193042866000
-831807.5289534690000
-831701.9148010849000
-831600.9068615801000
-831653.4303178608000
-831538.3857383556000
-831596.9407766452000
-831690.2925671665000
-831638.5841162300000
-831640.6110709260000
-831652.6373033130000
-831610.8805012336000
-831618.2980832749000
-831530.8055881484000
-831589.5315298244000
-831624.6181287715000
-831590.6719393961000
-831700.7333690835000
-831711.4510943736000
-831673.9468995631000
-831677.3332321682000
-831518.8423363001000
-831520.0414616065000
-831543.8229973131000
-831497.4713792169000
-831481.7658990335000
-831597.9261570700000
-831425.1367401720000
-831494.4373273785000
-831519.2409121352000
-831604.2523417493000
-831538.9680350531000
-831529.1231516396000
-831445.3295172713000
-831374.0059537927000
-831451.2781366514000
-831574.1430585578000
-831435.6949405110000
-831433.8003785992000
-831474.7132878888000
-831410.4289844654000
-831440.4599911141000
-831450.7228850780000
-831550.9267086416000
-831539.1081073913000
-831386.3450928447000
-831521.3393977089000
-831623.3409982683000
-831521.9695702981000
-831549.1032036658000
-831607.2027947928000
-831609.5841921614000
-831727.2316831674000
-831647.8003880898000
-831524.2145773394000
-831527.9041453871000
-831497.4543864573000
-831696.8310300033000
-831608.9854680992000
-831678.8931845683000
-831659.4855343339000
-831762.9561982871000
-831704.9184243762000
-831579.9501126920000
-831524.3292582226000
-831536.3884933358000
-831387.7140157410000
-831387.2431158471000
-831489.6852316872000
-831480.4112246927000
-831494.7752640849000
-831529.4863691002000
-831601.3868320157000
-831714.4492043003000
-831648.3376728430000
-831604.5444352122000
-831539.9229207276000
-831511.7956854206000
-831568.5987693128000
-831553.5999024955000
-831536.7542981288000
-831567.6338115516000
-831639.5233272264000
-831457.5638537786000
-831435.8534102844000
-831475.5515464852000
-831579.1602795188000
-831516.4949909020000
-831544.3920505415000
-831567.0807114390000
-831465.1692772944000
-831585.2867086251000
-831524.9108486183000
-831652.5570129937000
-831626.8372024483000
-831681.0421479509000
-831588.2495871949000
-831623.5482550451000
-831694.6393017324000
-831667.9291229525000
-831625.9545986198000
-831635.5716572931000
-831703.5657544013000
-831711.1706891177000
-831712.5750012501000
-831676.9894323505000
-831649.9081150122000
-831507.1517592760000
-831603.2146507731000
-831389.6549763009000
-831336.4285940550000
-831341.6951298056000
-831255.3900077912000
-831457.0399240338000
-831443.4687494298000
-831487.3907500199000
-831510.9761251815000
-831490.0771434424000
-831476.1946501419000
-831418.8725567740000
-831437.7909632564000
-831367.1338839978000
-831362.5523158617000
-831338.2144394481000
-831365.3140689826000
-831455.3913124007000
-831440.9597451794000
-831514.4527547066000
-831503.2481256880000
-831354.5007894740000
-831438.6766470139000
-831405.3556763106000
-831565.8152889682000
-831532.1662736061000
-831451.3164732620000
-831367.9181718521000
-831377.5147405921000
-831336.5345124697000
-831386.3658873194000
-831315.2129557090000
-831348.1066445200000
-831369.8530977141000
-831424.2466783707000
-831434.4056795150000
-831300.0654330652000
-831411.3538536800000
-831510.5593378923000
-831527.9980803482000
-831544.5838909450000
-831421.1147101098000
-831473.9837563254000
-831568.8500505419000
-831499.9226407546000
-831547.7047055562000
-831557.3150769155000
-831539.7301071928000
-831640.9499546315000
-831614.8011627478000
-831715.1978667112000
-831637.3223064742000
-831638.9700498340000
-831388.6140013954000
-831407.6279482023000
-831447.0656248622000
-831393.6245562214000
-831455.2087054924000
-831430.8500301518000
-831474.4507037959000
-831367.6257768866000
-831386.5057301832000
-831434.5360708346000
-831399.5523369438000
-831485.7781349858000
-831338.6002139101000
-831215.6537410349000
-831415.5632817718000
-831501.3195073467000
-831317.9692362214000
-831270.2888190002000
-831346.0346526748000
-831279.4680867085000
-831335.3076293424000
-831393.1443195961000
-831317.6330840724000
-831289.0401987473000
-831191.4031792857000
-831358.5243428657000
-831353.1945150059000
-831274.0807193217000
-831417.2398114680000
-831427.1978925978000
-831430.4923184488000
-831471.6951623247000
-831278.8800896464000
-831282.2053927965000
-831242.7560728514000
-831317.7708032122000
-831393.8320633838000
-831254.4247036839000
-831427.9638215597000
-831347.4320120821000
-831263.2321037267000
-831246.8902638056000
-831226.7270029546000
-831109.7127780748000
-831163.0418230338000
-831130.7625243486000
-831213.7873904838000
-831262.9522641911000
-831251.3517731546000
-831280.7740738558000
-831382.2824328961000
-831418.0430116572000
-831414.9401924665000
-831367.1679112265000
-831368.1822774335000
-831421.3861570474000
-831309.0338740638000
-831176.7334137716000
-831218.1890213272000
-831258.9746599977000
-831208.9349531710000
-831308.9019293333000
-831402.1904558443000
-831210.3624466985000
-831100.6444170951000
-831143.3510503378000
-831173.8243250003000
-831228.5666431907000
-831113.5107878497000
-831264.7054738165000
-831351.0604560123000
-831168.7537700720000
-831259.5970179720000
-831299.1772437400000
-831195.9350592544000
-831215.9504725006000
-831204.4980521619000
-831258.3775227418000
-831297.7439176944000
-831275.7153556555000
-831299.4391350481000
-831376.4392570198000
-831281.8183184804000
-831409.5010731699000
-831371.5672996140000
-831381.7755836834000
-831583.6429256251000
-831493.4220882982000
-831443.4051289642000
-831336.8843291797000
-831278.4664259094000
-831329.6319410874000
-831366.6288401390000
-831521.7325705675000
-831571.6268039003000
-831568.0094099308000
-831493.1665254874000
-831425.0307702263000
-831436.8342193132000
-831369.5198450038000
-831363.8385864908000
-831311.1581690167000
-831193.6413362673000
-831260.3257641401000
-831349.3083739018000
-831193.9001375268000
-831317.9337101730000
-831411.5920856330000
-831320.9852355863000
-831268.3006614848000
-831338.0816062558000
-831283.5139700378000
-831290.6707792894000
-831257.7860854394000
-831078.7631285470000
-831125.2708692496000
-831330.6985606273000
-831325.7877827728000
-831279.3044992319000
-831251.9760015254000
-831366.3932133722000
-831330.0743496368000
-831281.5590740853000
-831177.9281810437000
-831102.7110068967000
-831243.8321658564000
-831089.3712575607000
-831174.3884245487000
-831047.9385952381000
-831182.2010962231000
-831114.3726524628000
-831117.1345174294000
-831168.2262387798000
-831094.1199159987000
-831095.1276680580000
-831210.9255871768000
-831157.4561477257000
-831138.2931718368000
-831220.9541404007000
-831219.3297405348000
-831257.9971629070000
-831307.1879750034000
-831346.2462568822000
-831106.5948857426000
-831120.5828028574000
-831167.0661774288000
-831248.9486159843000
-831295.9651954566000
-831120.9499987318000
-831140.4560800940000
-831213.9679223029000
-831205.2712874807000
-831221.5817705957000
-831293.5422925394000
-831153.1040017869000
-831174.8385217792000
-831098.5999781684000
-831185.4726765639000
-831277.9931269889000
-831307.2171199453000
-831283.7300657008000
-831282.3108971113000
-831180.3260666714000
-831401.0298669301000
-831288.8949706369000
-831244.2900469091000
-831222.4413651393000
-831199.0727629935000
-831306.2003853144000
-831243.6104910476000
-831182.7774716307000
-830937.1698396202000
-831106.1676805337000
-830977.6771678498000
-831071.0111424825000
-831118.6250708391000
-831008.6838723932000
-831141.0838303432000
-831125.7795113097000
-831225.3005629950000
-831062.2027889928000
-831118.0608366596000
-831101.8824224806000
-831244.8909272621000
-831230.3537326237000
-831344.3316651267000
-831332.6733892164000
-831238.6355710379000
-831299.6905161939000
-831162.2940839644000
-831049.6102608294000
-831096.1212223382000
-831155.3410893119000
-831101.4065284054000
-830974.4142883384000
-830896.4013848350000
-831011.2502288081000
-831029.1108782958000
-831102.5250463434000
-831123.6976361580000
-831166.3725911652000
-831115.4656898052000
-831167.9505745147000
-831012.4948431388000
-831111.3220587430000
-831110.4918247828000
-831108.6390763774000
-831130.9946589539000
-831163.6167659812000
-831045.9171845770000
-831176.3745485927000
-831161.9493259247000
-830957.6174526731000
-830950.7946108873000
-830942.4184171957000
-830995.4560896152000
-831147.5369153967000
-831163.3936107068000
-831059.3727986536000
-831119.3350974746000
-831159.5847733783000
-831275.5680866860000
-831163.4993156582000
-831134.7625908756000
-831211.9252058787000
-831133.5131366162000
-831142.1665250789000
-831048.9414022178000
-831093.5101209548000
-831009.3491809923000
-830982.1951865793000
-831073.3092880873000
-831053.7760894675000
-831114.1232079458000
-830958.6985787356000
-830823.5740985236000
-831125.2136170181000
-831120.5923361075000
-831086.4539219588000
-831116.6617890906000
-831011.8483676102000
-831110.4800620748000
-830919.2533449708000
-831109.4454485900000
-831145.7273383996000
-831153.4654447908000
-831045.3522851287000
-831146.2234138360000
-831009.1319577773000
-831027.6581564423000
-831012.2414179279000
-831047.2804706317000
-831030.9856596754000
-831004.3558873346000
-830948.5877876930000
-831095.8084913575000
-831151.0102355357000
-831207.8896748535000
-831024.4637769692000
-830931.1691554965000
-831064.4086737100000
-831047.2121915501000
-830994.0522784991000
-830863.7824055868000
-830999.0724973992000
-830919.6713344856000
-830927.9609191779000
-831037.3960697054000
-830813.8533654807000
-830928.2181612353000
-830868.5191737040000
-830876.9128438170000
-830920.1192150459000
-830775.6626416272000
-830743.9447561277000
-830955.8078761703000
-830980.8121098011000
-830870.8990883407000
-830968.6513983749000
-831051.8300170830000
-830879.5649659130000
-830993.6496938415000
-831020.2832462621000
-831194.1871370882000
-831075.0009160796000
-831040.9634045323000
-830966.2140274292000
-831052.3141602277000
-830876.0415911437000
-830979.6049739220000
-830923.8995455456000
-831163.3657612050000
-830965.1412456188000
-830935.0202204329000
-830927.0108632904000
-830859.2906452075000
-830799.6850808482000
-830940.3335779103000
-831021.7183822447000
-831007.4580847754000
-831000.5888829770000
-830961.1080449328000
-830956.5299545215000
-830925.8860995226000
-831050.0847093259000
-831033.7933833222000
-830891.4035448600000
-831056.3714656784000
-831076.0362274881000
-831056.5090583821000
-831132.5473770619000
-831127.7716781321000
-830990.4322137891000
-831068.1524098040000
-830916.7769194267000
-831021.6579230739000
-831018.7845298941000
-830903.8353889089000
-830910.8851499785000
-831010.1883442643000
-830947.8295928403000
-831022.9698215133000
-830996.5949702704000
-831138.3807856763000
-830973.9105167370000
-830983.2446024012000
-831012.1314690426000
-831151.1966997570000
-831032.7594409799000
-831162.3429635239000
-831182.0583839588000
-831000.9519901790000
-831052.7608475251000
-831122.7885662985000
-830975.3113808280000
-831214.6054709712000
-831229.6393395021000
-831319.1069213935000
-831371.8967988669000
-831277.1895055325000
-831235.7772823311000
-831285.5939276791000
-831181.7431980362000
-831290.3450256815000
-831133.3911994696000
-831302.4379063211000
-831184.6189513408000
-831034.3048477521000
-831174.4624665353000
-831082.6027157306000
-831041.0160653574000
-830971.2638205977000
-830860.7420265353000
-830996.2528284442000
-830969.3192854584000
-830955.5775412935000
-831021.3411171464000
-831146.0258134595000
-831052.0667203843000
-831029.9083168723000
-831058.4070310013000
-830985.8896635046000
-830923.5403275343000
-830915.8380823400000
-830767.8594957418000
-830920.8176047279000
-830946.9336634736000
-831030.3575685944000
-830851.2334216280000
-830900.0636135164000
-830932.9679092824000
-830859.2644280050000
