-915930.5031640813000
-909422.8030053437000
-904559.7212499435000
-900563.2197403883000
-897418.8431629242000
-894981.6027393889000
-892891.3244127427000
-891045.3888606625000
-889540.4054803563000
-888049.4777857235000
-886651.7798054642000
-885291.7813104639000
-884287.6745483940000
-883054.5582222936000
-881888.1971821088000
-880723.7693656308000
-879787.2319188706000
-879029.9609698539000
-878117.4547522900000
-877459.8685909533000
-876629.1034255078000
-875976.3425660462000
-875419.7906780061000
-874780.1523980636000
-874319.0946684952000
-873783.1433661204000
-873262.7727293232000
-872755.9274485611000
-872217.7841626989000
-871777.2518274181000
-871283.5148080136000
-870920.6594522471000
-870495.4069373106000
-870026.2302342816000
-869722.5766856356000
-869367.5713220575000
-869070.1548114121000
-868672.3454828198000
-868344.5469500550000
-868066.9737427570000
-867762.8006474279000
-867342.2410452114000
-866957.0557142368000
-866534.4963283932000
-866240.9187711696000
-866079.5904609626000
-865753.4646635265000
-865391.9968448112000
-865074.4856910541000
-864837.5985710461000
-864545.5267182635000
-864185.0074610704000
-864061.8692966229000
-864025.1627642637000
-863518.6183646640000
-863326.0710912006000
-863098.0636292170000
-862966.3011199416000
-862779.4605040599000
-862552.3013532469000
-862380.8505148097000
-862202.8347347735000
-862078.5395861570000
-861947.4420509548000
-861808.2340367527000
-861573.9142364630000
-861351.2133680456000
-861249.7372062653000
-861088.7774604439000
-860875.8764286988000
-860586.3220029476000
-860400.8526761648000
-860217.6261794114000
-860160.1090118361000
-859851.4675369244000
-859854.4111941330000
-859770.7301477788000
-859533.7480329444000
-859379.1243494183000
-859258.3378141504000
-859245.4324884632000
-859065.4231616480000
-859130.3335485635000
-859092.9381145018000
-858971.4550307764000
-858741.8344934710000
-858712.5428865425000
-858715.5572786920000
-858478.7962157378000
-858367.7583850826000
-858443.2184731762000
-858367.2240549970000
-858200.3801257195000
-858101.4289287959000
-857866.8511020088000
-857769.6112859579000
-857494.7390311332000
-857537.1819552057000
-857466.5240468548000
-857527.7381779039000
-857448.9254591262000
-857188.3074843393000
-857221.3719021222000
-857213.6503657034000
-857225.8401620567000
-857087.9608972942000
-857012.7466855533000
-856841.2959987257000
-856755.0865742110000
-856721.9704637262000
-856692.8002264721000
-856601.8134904942000
-856678.1884412488000
-856467.7024628506000
-856437.5039004185000
-856225.2993717075000
-856131.0987096948000
-856097.6821799496000
-856038.9647979892000
-856022.7040789710000
-855972.6928364324000
-855944.6320300298000
-855888.6827479668000
-855832.4227435659000
-855646.8716399607000
-855737.2690775650000
-855713.3745693030000
-855639.6771350391000
-855598.9952108978000
-855459.8676197593000
-855452.1922045546000
-855427.9533136430000
-855357.2965083807000
-855259.8297392207000
-855266.9734839611000
-855313.1435922881000
-855127.5685857304000
-855108.7274945535000
-854992.4995078124000
-854909.7223383848000
-854916.3474800511000
-854817.4837302949000
-854799.4764561541000
-854666.4487025255000
-854780.9664309435000
-854790.0438532188000
-854783.7382239129000
-854795.2575484193000
-854668.0516100188000
-854625.5701796821000
-854488.0041381859000
-854315.7037428536000
-854384.9753765757000
-854427.5840350931000
-854423.8643837165000
-854295.0169691447000
-854336.5378211724000
-854367.1547523362000
-854219.7634967951000
-854136.7626078456000
-854130.8978600889000
-854082.1116912408000
-854235.4720717826000
-854084.1810809365000
-854002.0924316298000
-854043.6017346956000
-854132.6196204419000
-853989.4974318694000
-853940.7645736142000
-854048.4934661645000
-853852.1635587130000
-853807.1293173158000
-853831.1586967757000
-853876.3799834256000
-853699.6774675435000
-853793.4244074381000
-853844.4553189371000
-853784.0546745096000
-853892.9965511741000
-853757.6262848036000
-853616.3802310082000
-853700.2022943908000
-853688.1665564361000
-853703.0659711787000
-853634.7438756830000
-853602.1611938411000
-853528.5890686073000
-853619.6374695115000
-853448.7938494481000
-853511.8185037184000
-853429.3435852140000
-853348.7479168810000
-853293.2409559775000
-853379.1055808800000
-853425.6897199680000
-853297.2598270833000
-853230.1348665274000
-853232.9985774007000
-853344.7976313037000
-853194.2862379457000
-853244.9182069276000
-853170.8404988596000
-853048.8471329989000
-853224.5981770306000
-853219.6707255155000
-853047.3152168284000
-853012.2142674187000
-853109.6591963530000
-853121.2393496908000
-853143.1232345105000
-852989.7789944597000
-853032.0910673572000
-853047.3053925491000
-853132.3101857412000
-853102.2064603900000
-852983.7914236176000
-852915.5682045198000
-852666.1068763275000
-852754.9955653280000
-852832.2977872614000
-852829.5642801225000
-853114.5568728695000
-852968.2184913969000
-852914.5367459346000
-852976.8056724948000
-852857.2561298425000
-852922.2488534731000
-853057.7528092293000
-852803.8909376223000
-852808.5574293477000
-852789.6061292936000
-852824.9558221624000
-852770.0359239735000
-852615.0575729321000
-852560.2824485764000
-852565.1778651090000
-852598.7134336324000
-852552.9953684467000
-852549.4528900278000
-852546.3187921399000
-852378.8429721467000
-852430.0860813651000
-852482.7295290908000
-852484.1610701503000
-852421.7465831402000
-852403.3233202433000
-852323.2557258995000
-852613.0099011041000
-852645.7929891635000
-852471.7166557632000
-852400.8593772865000
-852415.2876441518000
-852265.4251585801000
-852257.5346873922000
-852336.9757075119000
-852402.9736676850000
-852345.9860311619000
-852339.0140393728000
-852315.5199188399000
-852317.4365916414000
-852310.1828778135000
-852190.0658554170000
-852380.3662232831000
-852322.8421069587000
-852307.2194027524000
-852343.8134650786000
-852224.8275673318000
-852142.4391699864000
-852089.4448763899000
-852068.6892474338000
-851990.4039891930000
-852036.8008576190000
-852047.1420698479000
-852072.6468224727000
-852035.5802996712000
-852097.7034614665000
-852051.4046473138000
-852137.9604498812000
-851990.4285637998000
-852120.1276537315000
-852074.9870626029000
-851988.2149825238000
-851917.3516922267000
-851917.1414754686000
-851891.7242692374000
-852075.3046088812000
-852016.5939688905000
-852020.9603750671000
-852105.6592868202000
-851986.1098575783000
-852027.5775899617000
-851894.3584452700000
-851711.3350872274000
-851747.8019980132000
-851844.9531943257000
-851912.6663110695000
-851982.4047264681000
-852119.4325306872000
-851968.9974946487000
-852015.8957288798000
-851875.6733205747000
-851886.5069013196000
-851912.3394456707000
-851915.2260997524000
-851911.2605436163000
-851747.5603790256000
-851872.2640387123000
-851890.9671233501000
-851948.1930672616000
-851736.8719760911000
-851633.4766666592000
-851622.6854950713000
-851555.4077694579000
-851760.3021122476000
-851891.0613045668000
-851824.7903509061000
-851790.7255102933000
-851751.7795663696000
-851700.7993715420000
-851565.1780047929000
-851664.8819987207000
-851575.1143577257000
-851577.3583338812000
-851476.2622332132000
-851560.7106592561000
-851435.3730568492000
-851694.9727321030000
-851654.9118253103000
-851626.6361915418000
-851642.4320249177000
-851708.6164803792000
-851754.6618887275000
-851594.0921123851000
-851558.1750800799000
-851473.4911817042000
-851565.3290338350000
-851542.0544059003000
-851590.3643645113000
-851715.4699080348000
-851531.6004726716000
-851565.0837704190000
-851580.9593306320000
-851521.8653802699000
-851487.0169988598000
-851385.8829826093000
-851591.9468852626000
-851371.5693078736000
-851539.5285781344000
-851424.4309863290000
-851390.7610851942000
-851402.3762135553000
-851338.0970366728000
-851471.4122905830000
-851465.1936726862000
-851437.2147100285000
-851440.2705786550000
-851337.7676078171000
-851287.4241764408000
-851395.8431709366000
-851540.2478795382000
-851499.9689360668000
-851512.3987312937000
-851400.0741088610000
-851474.0560010291000
-851471.5196647258000
-851493.2399544182000
-851524.4545108664000
-851505.7735143325000
-851480.5285799578000
-851371.1298303198000
-851478.5454343846000
-851454.4979494484000
-851562.3139709263000
-851515.6921784033000
-851540.1474932550000
-851394.3536716988000
-851495.0442654399000
-851502.1169397307000
-851472.5836789118000
-851547.4028862278000
-851543.7113651282000
-851455.8973560170000
-851547.6377844082000
-851615.5330378673000
-851366.6560662263000
-851451.0044314069000
-851575.5534902588000
-851612.3098507060000
-851467.2452824466000
-851333.4232549178000
-851412.4301913653000
-851321.3187813478000
-851359.4951498539000
-851279.6025759807000
-851173.2010499506000
-851325.0244071595000
-851145.7126698132000
-851317.1761750375000
-851276.2295657452000
-851305.0089345680000
-851305.5656158265000
-851276.9302458267000
-851212.6586463483000
-851298.7654568763000
-851260.6622161982000
-851408.3839655758000
-851460.3498197425000
-851343.4053790803000
-851356.7975154679000
-851266.3219376038000
-851376.6135953674000
-851350.5891652004000
-851298.1861333080000
-851425.3591065154000
-851352.7828731597000
-851339.9653246078000
-851396.4605402361000
-851247.2018330059000
-851269.7973083309000
-851267.0550784236000
-851268.2167646930000
-851386.0758116742000
-851263.8434055325000
-851160.3210925988000
-851016.6292122357000
-851061.9514221643000
-851041.3312235115000
-851115.0448786725000
-851083.4811950843000
-850936.1426088237000
-850982.5280731705000
-851167.4544801225000
-851120.6680485206000
-851118.1785786980000
-851132.9134137770000
-851071.9613598807000
-851092.6878483976000
-851050.6856096252000
-851138.1959495030000
-851144.0630953301000
-851096.8357517993000
-851126.2572068624000
-851198.2761548654000
-851161.3351520478000
-851075.7257018078000
-851128.1073038006000
-851088.3160731524000
-851076.7233470796000
-851040.8206143797000
-851082.2594539041000
-851064.6285949115000
-851196.9294735227000
-851164.3189757185000
-851045.4757962695000
-850979.8060952524000
-850892.4898317328000
-850930.6421541016000
-850843.4238692388000
-851017.5602978762000
-850986.6307429387000
-851012.5929927654000
-851165.7322882214000
-851007.6983880410000
-851058.6097270005000
-850997.7980984227000
-850975.3471275398000
-851090.8301165829000
-851131.5187511819000
-851156.8205431870000
-851128.4180938033000
-851135.0851894957000
-851030.7513150515000
-850940.0253196567000
-851018.2069511944000
-851052.5598240200000
-851052.4488992994000
-851212.0642961379000
-851255.6935573064000
-851049.7174395663000
-851048.3821880585000
-851054.4918121935000
-850939.8723483034000
-851026.2536172640000
-850929.0338775695000
-850926.7039740408000
-850798.4304305637000
-850838.0512304730000
-850731.0122578470000
-850840.7687308968000
-850808.3728979091000
-850922.7955082317000
-850866.1669567361000
-851109.7278283993000
-851020.5406474741000
-850851.9018702734000
-850828.0492475623000
-850834.0739237978000
-850756.4910012141000
-850841.7532999974000
-850807.0653724102000
-850667.6711373403000
-850676.7649805769000
-850753.9798550014000
-850855.0409714850000
-850744.4893228236000
-850820.9021518443000
-850924.4507501209000
-850690.1183771108000
-850671.6591793803000
-850710.6955583174000
-850799.8368455815000
-850882.3839910682000
-850969.2275360996000
-850943.8921357907000
-850933.8782363358000
-851123.6792777131000
-850975.6008717787000
-851100.3750608721000
-850991.7542231623000
-850959.8399171188000
-850776.0565792826000
-851006.8676322704000
-851025.9462144425000
-850958.6645703674000
-850917.7817867037000
-850760.6279404069000
-850842.3204951391000
-850923.0319744681000
-850943.1961299740000
-850962.5386444409000
-850910.9609452334000
-850966.1469214481000
-850951.6817397497000
-851053.1829789331000
-851046.7033440871000
-850933.4621799742000
-851046.6250291502000
-851117.4172731527000
-851082.3801394239000
-850972.8957482290000
-850897.3498130591000
-850769.9479053813000
-850829.0904882476000
-850722.7392666875000
-850874.3489733404000
-850715.2451505817000
-850794.7913998084000
-850763.2472082413000
-850842.4129898929000
-850782.4891384237000
-850733.4133429573000
-850797.9772163446000
-850855.4424979811000
-850810.3070902993000
-850647.7949482762000
-850717.9361524401000
-850643.9894276850000
-850656.3290057246000
-850735.8881494944000
-850724.3444203857000
-850637.8776734825000
-850764.8021947009000
-850848.9006642409000
-850852.1204544824000
-850655.5555301494000
-850598.7318768778000
-850584.7753685791000
-850607.3417054166000
-850479.5775379087000
-850483.6893449340000
-850496.0013844245000
-850571.1977151561000
-850527.5623016550000
-850566.0531355519000
-850542.5130614811000
-850634.9142967350000
-850655.2237893435000
-850524.9191340714000
-850564.3575883112000
-850444.5392575490000
-850443.4258428651000
-850496.2725642420000
-850386.4883658017000
-850527.4524049480000
-850679.5627754253000
-850612.6803748064000
-850624.8054670577000
-850714.7949085841000
-850631.1387585187000
-850547.9056570912000
-850602.0483646124000
-850657.5735723017000
-850589.3776983164000
-850605.1800808597000
-850520.3873582595000
-850541.5339286022000
-850536.1717341099000
-850679.1503186373000
-850464.9338970700000
-850476.4351220182000
-850613.8478607514000
-850638.1010793322000
-850666.2959784017000
-850630.3558793326000
-850518.7401304909000
-850562.9269859560000
-850727.3013424494000
-850598.2939705553000
-850657.0140421265000
-850518.7491430494000
-850515.9293382132000
-850592.2267178103000
-850619.0839971115000
-850498.2678555353000
-850546.2095464421000
-850563.4012287481000
-850699.8290533725000
-850627.9059797917000
-850547.4448801179000
-850582.1674387122000
-850502.7951670726000
-850562.5765789041000
-850640.0009507738000
-850669.4128778664000
-850643.1419007106000
-850751.1358586065000
-850690.2680873060000
-850718.0656668526000
-850647.6850447861000
-850593.7718192069000
-850663.6937868390000
-850613.9321749650000
-850656.8423901167000
-850674.5499589230000
-850681.2876411162000
-850662.8143687946000
-850766.1019493124000
-850785.2778530094000
-850674.7016046391000
-850623.1789562813000
-850695.6520395195000
-850715.1682351520000
-850672.4634314396000
-850527.6731840343000
-850563.6739322479000
-850519.2659356925000
-850405.0087681287000
-850456.4245083767000
-850508.8321869168000
-850554.2074188221000
-850612.2932952697000
-850627.4975583783000
-850563.2634472756000
-850569.9333776422000
-850602.6148988636000
-850507.3438616241000
-850581.3919975020000
-850373.7187805129000
-850443.8293702220000
-850361.5703049396000
-850493.6212614836000
-850533.2360299944000
-850508.8550615428000
-850638.2701546514000
-850573.4158052960000
-850543.1926581057000
-850388.0746878553000
-850487.1442350269000
-850582.3204810155000
-850449.5501130258000
-850479.0688949330000
-850407.9333891139000
-850464.3391161144000
-850542.9889937401000
-850457.5898616032000
-850455.4935283650000
-850412.4869620620000
-850500.7234668449000
-850478.8891968449000
-850497.3617635638000
-850539.7231526775000
-850650.9251332068000
-850683.3781349300000
-850538.1855103465000
-850603.7018039412000
-850563.1816980985000
-850488.6800493215000
-850550.3981204788000
-850427.7718147179000
-850538.0152870816000
-850622.7088534209000
-850514.3919719217000
-850465.6667127074000
-850468.5537766821000
-850404.8556088444000
-850499.1230254975000
-850332.0822079194000
-850508.4618836539000
-850334.4567826012000
-850455.0784900689000
-850526.8819942584000
-850491.2901988908000
-850412.0978386177000
-850346.8066382735000
-850230.6747354205000
-850486.9562918670000
-850410.1644891587000
-850540.4061971765000
-850554.6372551710000
-850426.5936322975000
-850499.9668696582000
-850336.6180266439000
-850412.7529331269000
-850518.7323736601000
-850567.4538690982000
-850403.8945935168000
-850441.9303067058000
-850342.2969479429000
-850399.0476586942000
-850298.3862766350000
-850392.2774425384000
-850350.1460254178000
-850433.5463429840000
-850433.1462883627000
-850423.5100459927000
-850311.7527946078000
-850415.1922708647000
-850355.0039707102000
-850370.7520665107000
-850332.6560936446000
-850355.1316706863000
-850455.3194583850000
-850318.5090058566000
-850287.6235304604000
-850293.1987766494000
-850241.0864984076000
-850350.7065248311000
-850180.6085241999000
-850284.1072375287000
-850485.9079226664000
-850511.0792431080000
-850477.4734932925000
-850374.6821804912000
-850351.1850480852000
-850446.5030239294000
-850334.1727952396000
-850370.9677618521000
-850355.6812700436000
-850414.6387889143000
-850347.8967844583000
-850336.4414144066000
-850176.8368233175000
-850324.6062810615000
-850250.9618090562000
-850262.1601772696000
-850277.2792782217000
-850320.7882002156000
-850427.7932477611000
-850457.0694404270000
-850543.8643966159000
-850355.8865487422000
-850271.3705421884000
-850353.8757991599000
-850357.2027775567000
-850410.7302117194000
-850246.4129396040000
-850319.2778477940000
-850369.4401405177000
-850438.2312088637000
-850333.0960448682000
-850223.3838541642000
-850209.6597828859000
-850392.5195913336000
-850405.0114335888000
-850303.2462356235000
-850490.3368320712000
-850387.4462623777000
-850394.1911476011000
-850411.8582575985000
-850369.0466108848000
-850369.0904265505000
-850276.8812340480000
-850393.9709958634000
-850348.2268095085000
-850373.7946069837000
-850494.0959750154000
-850479.1891016770000
-850414.2078133272000
-850545.3058788438000
-850416.8463665590000
-850443.0386241439000
-850486.9519633912000
-850664.6349018760000
-850567.4032007133000
-850410.8859215523000
-850444.4771180457000
-850455.6637161938000
-850551.2074219850000
-850434.0496902647000
-850278.7979932374000
-850468.6673612024000
-850378.5623047783000
-850453.1674040476000
-850457.2060812596000
-850491.0985732691000
-850468.5119289279000
-850431.6803939501000
-850462.5356409610000
-850493.4591189990000
-850492.0110951005000
-850434.5825280576000
-850459.8626877144000
-850332.1691257067000
-850239.8400755733000
-850420.1366667178000
-850397.2032274182000
-850459.3376434298000
-850399.8795368425000
-850318.8189962829000
-850359.9832049893000
-850324.1043366616000
-850373.7967868018000
-850423.7144205260000
-850385.5062739977000
-850322.6977095348000
-850178.7954443658000
-850226.9434102649000
-850320.5287302682000
-850248.8571735617000
-850243.1220291401000
-850265.6797266435000
-850287.5390764560000
-850369.3658516613000
-850276.4592433410000
-850264.3281545750000
-850253.9288548519000
-850274.3142207715000
-850380.3402654596000
-850324.7741696356000
-850236.8430389330000
-850440.9960670768000
-850402.3049982209000
-850289.0447047199000
-850154.2942283610000
-850239.7007004512000
-850226.2349973036000
-850213.3770216058000
-850274.1043530933000
-849971.6971187732000
-850173.4347451145000
-850304.7749919859000
-850136.2113725448000
-850142.6524108103000
-849989.1616320922000
-850242.2652700831000
-850288.3411165540000
-850142.4364976912000
-850332.1054824655000
-850212.5921281445000
-850101.9463303912000
-850260.9181357158000
-850231.1716479134000
-850205.5451920584000
-850150.1145485283000
-850114.3033918794000
-850273.3040603185000
-850450.7194470130000
-850444.8747346882000
-850293.2751115208000
-850371.9833711255000
-850345.0612947074000
-850429.1240571861000
-850455.7458204876000
-850358.8298995558000
-850247.3409452867000
-850269.0804558191000
-850286.4266891881000
-850206.6572657579000
-850264.0953595241000
-850265.5833900889000
-850327.3483987262000
-850240.1143602902000
-850243.5855064197000
-850425.2735017302000
-850386.2849110229000
-850288.0888964058000
-850286.7193980741000
-850403.6709499570000
-850255.8725432876000
-850414.3834133226000
-850378.3761390856000
-850219.5400654463000
-850148.7875846952000
-850257.1676544260000
-850164.8054143884000
-850303.3026355775000
-850233.4141212405000
-850217.2525340889000
-850230.8818270081000
-850175.2113318959000
-850200.9529821353000
-850192.6513773090000
-850223.2093671836000
-850265.1268910125000
-850307.7840284348000
-850365.8143628193000
-850412.0760676834000
-850197.7890268560000
-850171.2663945631000
-850132.2732774734000
-850022.1223037081000
-850210.0192439879000
-850274.0326300750000
-850134.5203018922000
-850174.1652300742000
-850091.9594756891000
-850051.7213147760000
-850070.3345272990000
-850103.3419819673000
-850012.9015951409000
-850165.5597877969000
-849953.5966448175000
-849961.1359745538000
-849798.1082842748000
-849827.8150804513000
-849886.9751948228000
-850065.8472982526000
-849873.1002843259000
-849944.7711810214000
-849884.8231907660000
-849824.4568818444000
-849903.4766999623000
-849945.0378147359000
-849906.2319913004000
-849919.6241282851000
-849926.9716478616000
-849824.0616264193000
-849990.5566589059000
-850022.5288441912000
-849906.1532062907000
-849888.0356930032000
-849950.5827096110000
-849888.5883019670000
-849842.0204890920000
-849892.8676301510000
-849821.0323127110000
-849884.6224902344000
-849918.1718633857000
-849974.0982928809000
-849775.8185008713000
-849871.9362368396000
-849889.7305359064000
-849815.9494052605000
-849942.9864290664000
-849895.8586396450000
-849904.0370274652000
-849983.2732784159000
-850027.2248968557000
-849986.3419333494000
-850088.5400412129000
-849943.3309797256000
-850082.6614133562000
-849909.5049945227000
-849887.9119942425000
-849964.5714988048000
-850067.8270861200000
-850023.4712929109000
-849901.8034228252000
-849935.7359260117000
-849975.5184479409000
-849899.5518603172000
-849917.8642763114000
-849934.5924553048000
-849918.9975468093000
-850016.9129709054000
-850029.0108516078000
-849745.5567631017000
-849876.6723945754000
-849755.6496774392000
-849831.4651032992000
-849867.6190478324000
-849935.6873607927000
-849752.8150513882000
-849907.6083956236000
-849955.5721286910000
-849950.8607805679000
-849935.2977164465000
-849892.3612773324000
-849884.8604737935000
-849880.0458575403000
-850006.9964255720000
-849920.9834254044000
-849962.6928497611000
-850099.8178987658000
-849992.1798099377000
-850027.9983218882000
-850104.4749107920000
-850092.3859946125000
-849967.4674092116000
-850044.4909790512000
-850121.6790816948000
-850081.5409218763000
-849951.5308715489000
-849882.3710315799000
-850022.4734557143000
-849977.5376116261000
-849926.5581665145000
-849947.8121237032000
-849798.5300672626000
-849782.6200022876000
-849721.0058225279000
-849762.0159254550000
-849885.3530667796000
-849869.3995645662000
-849711.5050536545000
-849816.6516933600000
-849819.0740365583000
-850032.3654345040000
-849913.2074795114000
-849944.2941385009000
-849997.5720684193000
-849893.5793231284000
-849862.2819881864000
-849920.7136734718000
-849801.9111080909000
-849936.0570442060000
-849849.6340515368000
-849944.4504354873000
-849957.1190282992000
-849886.8633168951000
-849769.0162025326000
-849804.3652042169000
-849946.7297500268000
-850031.6553537302000
-849944.1273614811000
-849877.2617517246000
-849997.9024886830000
-849896.5659134182000
-849975.7570991833000
-849919.4734772110000
-849964.7550475891000
-849851.8867265343000
-849900.6055938920000
-849729.8763410532000
-849770.4177846838000
-849646.3266401488000
-849816.2162191432000
-849867.7552198615000
-849985.5084605470000
-849951.3167314322000
-850002.0097922133000
-850005.5642740757000
-849948.0464539333000
-849938.7195394032000
-849868.0564356726000
-849753.5944953796000
-849804.1832640558000
-849844.4652837057000
-850071.1469875658000
-849905.3402734232000
-850063.9492315917000
-849856.1485078658000
-849915.6805719920000
-849924.5034013244000
-850086.8183942431000
-850044.3192916604000
-849946.9455642633000
-849869.6060787052000
-849820.5753667967000
-849866.2286622316000
-849938.3425112563000
-849994.8112857334000
-850161.6632010894000
-850064.3196426937000
-849958.0235749043000
-849895.9322871839000
-849810.2096354625000
-849767.2635626908000
-849796.8870704459000
-849843.9778745602000
-849880.5427928652000
-849821.8760616215000
-849806.1384004242000
-849912.2602366048000
-849921.6437749990000
-849927.7712135002000
-849903.4188769279000
-849865.7311958794000
-849761.3807351833000
-849711.2176513755000
-849701.5146597357000
-849812.8957737306000
-849901.5730473354000
-849707.5271109237000
-849622.9922356004000
-849840.6932237447000
-849870.4411062704000
-849815.8676360729000
-849641.7355369088000
-849890.6794626031000
