-912609.8903959500000
-909670.7359521758000
-907096.9046076372000
-905111.0393315256000
-903315.1747202254000
-901858.6539516528000
-900644.0562470237000
-899573.3750053246000
-898584.1005683684000
-897803.7829635971000
-896764.2828867687000
-895918.5686400522000
-895137.5470280127000
-894415.1641309673000
-893745.3602081282000
-893037.6179960372000
-892541.0289631417000
-891976.7647363833000
-891424.5539156445000
-890904.5361309064000
-890476.7373761501000
-890087.9731464124000
-889640.8926325760000
-889170.1257697454000
-888850.9804587580000
-888538.8189744371000
-888200.0461810419000
-887814.9575402744000
-887577.9647848156000
-887273.5152856001000
-886911.8793733384000
-886636.0227595647000
-886541.4311141811000
-886332.7811774529000
-886139.4631802285000
-885825.5300679909000
-885582.9131909572000
-885322.4322841319000
-885045.8600310797000
-884672.9817105769000
-884481.1571861755000
-884341.8293695664000
-884045.8219992480000
-883939.0581662314000
-883770.0119793700000
-883690.1620853592000
-883482.1518852916000
-883344.8855645991000
-883216.3927026578000
-883083.9564232674000
-882818.1233299226000
-882580.8113515421000
-882583.5062338521000
-882330.5509020339000
-882259.6236473871000
-881967.3368728673000
-881809.5625040625000
-881663.3079138073000
-881552.1361795753000
-881380.9216269400000
-881362.3738663716000
-881230.0564410565000
-880969.6676719779000
-880882.1284207134000
-880697.3096662480000
-880724.2357059700000
-880560.1173807852000
-880466.3850763883000
-880358.2477578715000
-880209.0060977163000
-879943.5636583030000
-879941.1698118765000
-879836.4127872753000
-879734.4753398709000
-879606.7026516784000
-879509.6857729430000
-879479.1910020801000
-879424.0278536387000
-879305.0408630754000
-879146.6040720910000
-879020.3390344577000
-878860.5305531572000
-878857.5587345713000
-878754.5704263600000
-878662.5151709999000
-878556.7567377225000
-878553.3387099445000
-878382.1932138870000
-878339.7167879025000
-878225.5341719541000
-878121.5903797223000
-878102.2958689900000
-878001.4800633689000
-877849.0795899844000
-877860.9045834959000
-877779.7151123956000
-877638.3457408829000
-877488.5960007840000
-877516.3808504839000
-877408.3735309994000
-877310.2472655341000
-877276.7132439367000
-877222.5711301313000
-877183.2815202260000
-877198.0641526247000
-877032.1787433199000
-876938.9384932044000
-876854.6939677505000
-876815.0733385206000
-876649.0056762893000
-876817.7442008511000
-876638.5338170509000
-876479.5644558225000
-876376.2247557415000
-876430.3281812951000
-876410.0043284005000
-876313.2976063367000
-876252.5066730835000
-876216.1727832892000
-876126.8026724872000
-876183.5394335369000
-876111.4285011775000
-875965.4170105311000
-875983.9922153698000
-875873.9892009652000
-875934.4852742493000
-875846.9388108026000
-875860.4016261864000
-875776.5897393438000
-875800.2474390619000
-875647.2835494336000
-875705.0213172823000
-875602.4142933366000
-875564.0955947157000
-875630.3925268720000
-875580.0655224684000
-875438.1947348597000
-875479.5992193749000
-875432.1491113972000
-875341.7875246563000
-875396.4984890433000
-875403.6263160921000
-875306.4574882264000
-875312.9980263779000
-875256.2175780409000
-875187.9771345325000
-875166.9257708244000
-875068.0722255065000
-875090.9240405962000
-874946.9814105754000
-874933.6092505341000
-874850.1717526627000
-874833.7455525937000
-874752.5150982097000
-874838.5056040208000
-874845.4921498338000
-874725.0832501720000
-874685.2574022983000
-874734.7367972990000
-874687.1488542346000
-874690.1223800647000
-874642.7948154846000
-874621.1428578544000
-874535.1769814264000
-874480.1102261280000
-874389.2189492973000
-874431.1737741323000
-874487.5373281282000
-874556.5484706359000
-874411.2081931286000
-874324.5626840949000
-874271.8248051186000
-874169.0652492986000
-874205.0310056574000
-874150.4408796364000
-874130.0644700944000
-874134.5344052021000
-874165.3305828746000
-874061.4303386491000
-873977.9046613373000
-874020.0395962535000
-874026.7973155530000
-874023.6110701690000
-873984.6369275303000
-873918.2658258579000
-873998.0304360985000
-873947.3470063949000
-873896.0192616313000
-873903.3340158702000
-874018.4467222100000
-873840.1496585212000
-873892.2512917678000
-873832.3091650507000
-873788.0275979443000
-873788.8480398501000
-873597.8460103218000
-873721.0708551597000
-873664.3036100094000
-873614.3703416176000
-873601.9170050801000
-873664.8548829639000
-873725.5151832090000
-873604.0053259722000
-873608.4758222257000
-873523.7594643269000
-873496.4012872790000
-873512.9676058874000
-873412.4059137453000
-873518.6385784034000
-873575.3332309006000
-873560.8439375740000
-873452.8337095224000
-873442.3477333557000
-873345.5096711712000
-873340.5257751929000
-873435.2441918118000
-873426.3625738083000
-873438.9397103805000
-873421.5100025889000
-873343.8544542184000
-873287.9930172109000
-873311.1111664394000
-873211.8253029202000
-873162.8767993070000
-873189.4232449750000
-873196.1004040433000
-873153.3681652227000
-873106.0190350980000
-873006.5351248535000
-873028.6188342897000
-872967.6128291304000
-872955.9697698206000
-872870.7634448966000
-872884.9792984505000
-872923.2167301283000
-872931.2212441303000
-872844.5397094226000
-872912.5205666651000
-872777.8988212857000
-872867.1727298527000
-872818.5529170136000
-872706.9721113160000
-872760.7633726512000
-872801.1989743790000
-872772.2604983517000
-872718.2031751508000
-872682.7777290777000
-872787.3943306053000
-872640.2653025198000
-872540.9307709655000
-872536.4469240592000
-872605.1646733542000
-872635.9396814052000
-872542.1302697920000
-872563.9250462903000
-872466.9903035444000
-872499.8026403177000
-872456.4973036537000
-872544.2538727550000
-872549.0385432029000
-872440.9064416772000
-872486.5051720686000
-872598.0430939640000
-872525.6851619157000
-872631.7396468373000
-872464.3934944012000
-872480.9378583693000
-872354.9831120470000
-872375.6260570926000
-872394.3500556775000
-872286.8687421210000
-872241.3990924804000
-872329.4811944957000
-872113.1250669176000
-872142.7452663686000
-872218.7385221558000
-872134.7275618293000
-872131.9465914564000
-872172.6670849508000
-872095.9860987244000
-872168.2279363563000
-872104.9381872787000
-872134.7358343678000
-872106.8592100528000
-872045.9231735935000
-871914.8754380514000
-871962.3559842481000
-872045.2710152955000
-872114.4925802267000
-871917.4776693590000
-871983.4552893330000
-871947.9250884645000
-872086.3259287705000
-871976.6068139281000
-871988.2996606910000
-871942.2208326474000
-872036.9873927537000
-872022.3923007526000
-872079.3965426036000
-872026.3528814231000
-872021.7510236728000
-872000.5809726940000
-872022.4971156330000
-872021.7426562761000
-871943.0100617128000
-872017.2155153642000
-871861.4680535131000
-871943.3543443779000
-871803.4016534061000
-871853.1701485304000
-871895.0335511944000
-871983.0577963153000
-872015.6163110926000
-871848.4866280009000
-871992.6317008792000
-872008.4521521577000
-872000.0618585101000
-871896.1029319474000
-871922.0871308356000
-871882.6158110730000
-871929.3981262986000
-871871.0403445585000
-871934.8553302619000
-871851.4028207354000
-871775.9209107470000
-871719.3427119154000
-871748.7660186695000
-871859.9887840712000
-871797.8479433162000
-871832.3203620729000
-871820.8236187565000
-871819.8916855500000
-871841.6063931817000
-871881.5556142001000
-871787.6285447576000
-871778.0706032035000
-871686.5723474878000
-871690.4287951791000
-871615.3631833288000
-871687.6184336584000
-871670.3294037693000
-871712.8632940575000
-871739.9419731197000
-871729.7863687411000
-871692.5124084712000
-871712.6971358134000
-871852.0174044506000
-871793.3198702825000
-871777.0797865631000
-871734.1759652029000
-871758.5259987878000
-871762.9261804569000
-871648.4838236191000
-871767.6112376171000
-871708.6206851744000
-871703.0938637418000
-871612.9892413283000
-871592.3291080802000
-871554.4430563016000
-871498.7817300588000
-871518.1496033669000
-871597.9693554730000
-871554.1520793117000
-871579.0969036435000
-871593.4818372829000
-871460.1772586700000
-871475.8716906090000
-871541.4821444264000
-871511.7641340587000
-871398.8945392183000
-871532.4972670237000
-871552.9739020517000
-871489.1515731026000
-871538.1389270119000
-871447.2426302789000
-871530.2217486454000
-871429.0875294277000
-871541.7055849012000
-871484.4257988019000
-871411.4204560560000
-871488.5818281143000
-871445.9969495051000
-871321.4348312852000
-871471.5458055511000
-871441.4042574923000
-871381.3261792337000
-871386.8778290529000
-871399.0805904762000
-871589.3811945320000
-871577.5013339197000
-871468.7757070139000
-871524.3214878092000
-871556.8206248486000
-871456.6045987663000
-871427.4409029429000
-871434.1424914814000
-871440.7352825709000
-871373.0009924661000
-871453.6554478399000
-871449.7433315865000
-871375.0616151745000
-871284.1897373631000
-871224.3209051143000
-871262.6088559022000
-871292.5909513105000
-871287.5507760233000
-871261.2763002260000
-871175.8356601913000
-871175.4248174594000
-871189.9818796964000
-871246.7130947511000
-871306.1633017105000
-871156.3303421079000
-871098.5264690540000
-871139.8754826406000
-871073.9818587663000
-871152.9921073617000
-871142.2075184508000
-871235.9358942248000
-871160.7490431964000
-871209.9762937215000
-871163.0379025098000
-871149.7130668613000
-871146.2603833540000
-871137.7425199082000
-871105.7555125755000
-871094.3607341185000
-871200.1005017252000
-871171.8470370104000
-871251.4786504211000
-871230.8090747620000
-871166.4096486559000
-871248.8399449787000
-871153.6622952117000
-871130.5653593406000
-871096.3431651221000
-871021.3606461106000
-871103.3367235038000
-871056.8279535869000
-871180.4039102558000
-871097.8827398833000
-871016.1214793795000
-871047.7599394807000
-871012.2334196613000
-871017.3482864198000
-870988.7535505365000
-870923.8302893400000
-870878.0177108000000
-870865.7218870013000
-870954.6685489914000
-870843.7290028201000
-870866.7725205708000
-870899.5653291461000
-870919.9968905281000
-870962.4286657715000
-871080.3899459596000
-871118.0192048309000
-871139.0055050504000
-871057.7850890238000
-871025.5368595831000
-870976.9649612562000
-871017.0269330831000
-871176.3721632218000
-871218.6665654240000
-871092.4299739287000
-871122.2163446144000
-871020.6361038119000
-871040.5794725014000
-870943.1985096411000
-870911.5185503146000
-870972.5348386281000
-871102.0545144580000
-871011.2806529042000
-871140.6975631759000
-871098.9026864759000
-871050.3259863486000
-871053.3953419148000
-871047.8024931906000
-871108.2716678849000
-870965.9402964567000
-871028.4362720407000
-871054.6585785992000
-871140.2288132546000
-871088.4663957678000
-871028.6737616486000
-870953.1484322321000
-870942.5597230349000
-870987.9433412463000
-871069.5779339636000
-871014.4945502568000
-871019.7025206086000
-871040.1260726195000
-870984.4334133919000
-871055.6885431346000
-870979.3009095461000
-870932.7035390422000
-870812.5901647107000
-870903.6180682045000
-870932.7140670210000
-870975.6461426844000
-870822.4338620597000
-870898.5232781880000
-870871.0767851193000
-870926.5150780889000
-870886.6541190379000
-870843.6608990850000
-870732.0652845582000
-870889.8922993732000
-870938.9512573137000
-870856.9651594545000
-870957.8356966245000
-870897.6542470361000
-870957.6127146031000
-870889.8128390583000
-870952.3238377400000
-870884.4668366692000
-870844.9001293596000
-871018.7904063719000
-870929.7635799309000
-870910.3428373000000
-871070.1828620867000
-870992.6354201847000
-871070.9166617899000
-870847.4811055905000
-870901.7661232562000
-870810.8152296923000
-870824.7453179711000
-870810.8491500745000
-870848.1352331114000
-870833.9594670658000
-870874.2616220787000
-870934.2240377859000
-870882.7282231343000
-870828.0907832604000
-870878.8917591951000
-870810.2493456736000
-870869.4234399878000
-870989.1971413924000
-870853.7707716752000
-870909.5598579990000
-870916.6426019584000
-870832.4859663454000
-870788.9998592508000
-870805.1440876209000
-870694.6007783134000
-870703.7962076586000
-870772.9188463428000
-870709.0858637110000
-870757.7257974748000
-870740.1402354261000
-870666.7272069638000
-870726.2784841891000
-870697.9581875139000
-870828.7565855859000
-870736.2556275566000
-870815.6499908322000
-870793.4071871409000
-870808.3999570343000
-870739.7268914793000
-870815.9296813299000
-870914.8535726116000
-870879.6400999167000
-870753.5572962585000
-870786.8908714758000
-870746.5179027525000
-870827.1578093146000
-870894.7953810724000
-870830.4313394082000
-870742.2178269433000
-870698.7695840601000
-870794.0838864670000
-870741.8454725555000
-870817.7743483472000
-870853.3674656918000
-870830.4291311658000
-870756.4657758661000
-870754.6561831676000
-870740.6479699549000
-870723.7630982618000
-870634.8922128408000
-870626.4055109681000
-870794.8479548214000
-870753.4760647373000
-870808.8552038303000
-870856.1338762544000
-870875.5262766449000
-870760.7252527374000
-870721.1580853420000
-870726.6780464312000
-870642.3021075275000
-870609.9530112923000
-870663.8373051168000
-870600.4522639165000
-870709.7148728615000
-870658.0801653565000
-870708.0613533508000
-870767.4180946145000
-870751.6578741145000
-870661.6978885515000
-870744.0052533947000
-870633.1797861999000
-870859.5150165837000
-870823.8155237759000
-870741.9135512746000
-870772.0297673771000
-870834.6805429945000
-870856.6403272030000
-870730.0320213850000
-870767.6848449030000
-870781.4575610264000
-870800.0968712933000
-870818.3975800698000
-870804.7968169639000
-870726.0332151069000
-870686.1284129225000
-870726.1336550491000
-870740.6923703309000
-870662.3167320021000
-870675.9270276931000
-870739.8698020076000
-870767.2687176369000
-870748.7866115510000
-870668.1147429887000
-870658.8875946149000
-870596.0955820777000
-870562.8389456142000
-870560.3091981332000
-870528.4498186203000
-870586.0297165432000
-870534.8856182664000
-870521.8173121611000
-870540.0944752436000
-870527.3840938462000
-870343.2961633059000
-870545.2339086337000
-870441.4314800852000
-870548.6829364852000
-870541.3250199077000
-870619.7591558985000
-870521.0444812505000
-870621.6304799414000
-870591.7195990399000
-870601.1418442506000
-870512.5309352940000
-870529.4700906307000
-870616.1588389307000
-870564.2000621231000
-870568.3779769052000
-870582.5338667633000
-870568.3624231038000
-870598.4302214589000
-870514.0907734716000
-870513.7065110414000
-870501.4023031052000
-870542.5350474248000
-870388.4994327078000
-870451.3315814640000
-870377.1906553546000
-870406.3318952658000
-870351.7107085630000
-870343.1828508845000
-870296.0124487511000
-870311.9787479417000
-870419.5450538036000
-870397.3186516215000
-870304.6863819669000
-870302.9829543813000
-870331.3928145324000
-870353.0718559796000
-870402.4812056037000
-870446.3416733964000
-870493.4718294840000
-870529.5390955300000
-870447.6255231338000
-870491.1326707405000
-870414.0263007425000
-870415.6441128067000
-870398.3669413684000
-870568.1864368800000
-870443.2703570386000
-870582.6605590051000
-870559.0179349277000
-870536.2535044823000
-870559.1015849098000
-870583.9860195989000
-870511.5775732542000
-870450.0544425593000
-870416.0350635904000
-870453.5922966813000
-870505.5947628898000
-870534.8588915335000
-870580.2921843278000
-870477.6788616059000
-870428.9864696099000
-870513.2157945507000
-870444.2878717458000
-870563.9519142082000
-870475.2952896114000
-870455.7248378231000
-870413.4536568228000
-870402.9199755090000
-870473.4932693377000
-870501.2473433476000
-870470.5036375928000
-870440.5242418901000
-870472.6183712758000
-870453.4158749548000
-870424.7141943125000
-870415.0591928610000
-870413.0087535257000
-870465.4687769731000
-870491.2455882682000
-870486.1500203240000
-870452.1084403743000
-870395.3564933687000
-870445.5730619199000
-870488.4255981229000
-870466.8900906983000
-870392.8216340926000
-870324.0287082614000
-870421.8949589585000
-870472.6695541440000
-870516.6480731914000
-870457.6991596960000
-870466.5007772443000
-870438.1558430295000
-870399.0238629834000
-870434.6919296932000
-870370.5282549440000
-870459.0247652286000
-870484.2513152147000
-870568.0522814102000
-870532.5568513948000
-870534.0902688236000
-870494.8050830286000
-870486.3193945419000
-870588.6675248254000
-870557.5392584427000
-870428.9927541849000
-870391.9601370462000
-870516.4513057774000
-870534.4061529402000
-870519.3264343718000
-870551.8360558287000
-870506.8270886290000
-870486.6393086894000
-870397.1256530075000
-870425.2791347216000
-870479.7325165095000
-870455.2585430224000
-870340.1784541490000
-870324.9497605765000
-870316.3494233693000
-870327.4759966005000
-870340.0830616610000
-870360.9537355070000
-870312.8671406170000
-870384.4003895974000
-870359.2169073166000
-870292.8876800969000
-870384.7125912060000
-870427.5302742150000
-870347.0403598882000
-870359.7365648259000
-870408.4615728091000
-870384.3056252099000
-870495.7652500198000
-870444.7679936541000
-870383.2866651248000
-870463.7107045972000
-870448.3755999741000
-870421.2073739714000
-870382.6668115943000
-870504.0962730378000
-870398.0575965801000
-870378.6989382025000
-870342.4610199139000
-870389.8909432222000
-870428.7675525512000
-870473.6279378504000
-870424.1928658813000
-870449.6604943738000
-870465.6818561468000
-870520.9330514900000
-870407.1401722466000
-870417.0634271048000
-870383.1466722795000
-870337.1232364872000
-870402.8147016917000
-870428.1713402829000
-870581.4247343681000
-870420.7518159051000
-870444.4689248054000
-870380.5630107101000
-870423.1430854489000
-870379.2457072105000
-870427.0189152397000
-870378.9569700988000
-870306.6169392817000
-870409.9610589191000
-870340.8913785495000
-870361.6740015971000
-870291.1812902782000
-870256.5564825011000
-870215.2093265259000
-870201.5806838400000
-870321.4213416858000
-870236.2571583093000
-870198.0057115995000
-870354.0140997289000
-870413.9255211469000
-870455.7282891526000
-870434.5801702422000
-870355.1875630353000
-870378.9665062602000
-870366.5744967981000
-870376.9663356642000
-870385.2734366935000
-870344.4943044911000
-870387.5435347606000
-870407.8870272813000
-870332.6865241623000
-870479.4951118910000
-870441.8180548301000
-870385.2341250468000
-870240.3976616982000
-870383.0432463811000
-870422.5397323745000
-870315.1610487466000
-870274.1762565986000
-870208.0105258318000
-870146.2448898399000
-870117.2974343896000
-870263.7441308051000
-870136.8155471351000
-870241.4312847762000
-870195.0185817160000
-870259.5288394972000
-870315.0396253351000
-870352.5023056540000
-870281.0458882268000
-870260.4384373106000
-870237.9168805992000
-870308.2578611546000
-870335.6434603442000
-870349.0214415560000
-870245.5564607674000
-870253.8962523154000
-870226.1275943220000
-870271.9138307107000
-870199.0542776300000
-870142.8783384297000
-870215.8506883289000
-870288.7828749715000
-870266.1390424842000
-870226.2675640343000
-870333.7999627374000
-870339.1296339213000
-870271.7780450948000
-870332.9327891740000
-870351.8712066138000
-870356.3108823815000
-870358.7433475113000
-870285.3870497020000
-870232.8009459729000
-870202.7872312232000
-870277.0157874827000
-870185.2083854567000
-870240.6656499725000
-870192.2501238422000
-870243.6583541210000
-870218.7675025002000
-870286.4995796562000
-870185.6102414294000
-870366.5026745324000
-870419.4349113909000
-870389.8213962612000
-870293.8554322552000
-870263.4787841041000
-870304.3948953699000
-870314.0516680783000
-870312.0504491080000
-870293.6585765276000
-870257.4680681172000
-870312.5656806804000
-870310.5066691062000
-870245.1225306937000
-870220.5870459053000
-870110.1224628207000
-870148.4423392292000
-870256.1382328571000
-870240.3975892802000
-870138.8873902585000
-870136.0957204446000
-870130.9449304232000
-870291.8979795866000
-870311.8345313794000
-870125.2488461799000
-870195.6249534937000
-870260.3679117502000
-870255.9641347153000
-870269.4021884208000
-870345.0122878344000
-870156.6672084426000
-870271.6756602984000
-870306.6534586827000
-870319.7031187816000
-870271.8377732942000
-870392.9195258595000
-870389.3139743621000
-870370.4891852946000
-870287.6951527955000
-870287.7842165454000
-870274.9762843522000
-870265.8508438022000
-870303.8762713680000
-870365.1601039699000
-870343.6651865436000
-870381.4339917753000
-870357.9512726178000
-870287.7933356423000
-870235.6163246222000
-870229.9709063703000
-870362.6364477220000
-870291.6564658921000
-870368.2500954074000
-870279.4443201270000
-870195.2383389345000
-870245.1306800875000
-870216.6403800397000
-870292.6931996500000
-870225.6847241116000
-870261.7359339509000
-870315.0034048090000
-870392.7076255105000
-870315.8193180346000
-870316.6666227914000
-870180.2364492213000
-870138.6630669985000
-870246.1854271381000
-870338.3547503698000
-870295.2194818723000
-870308.1367089441000
-870257.7557707814000
-870329.0445370248000
-870245.8455011416000
-870248.7596024873000
-870410.0958535760000
-870391.8716925747000
-870328.4654684003000
-870335.8525230833000
-870333.2147441620000
-870353.2014506558000
-870355.5662178636000
-870272.6965822479000
-870274.3456780246000
-870446.2779098903000
-870451.8935514336000
-870398.3984032000000
-870350.3873601853000
-870417.7555361990000
-870388.5302458529000
-870306.0270311269000
-870361.9656768992000
-870403.2829515771000
-870359.8771181066000
-870365.8923409285000
-870402.6429566662000
-870401.4100954840000
-870453.8948410628000
-870287.0633974974000
-870311.7600238281000
-870275.2120868294000
-870360.5930441190000
-870373.9462944054000
-870404.6562425671000
-870498.9641286955000
-870386.6099255538000
-870195.6437108179000
-870349.8732390938000
-870323.1552352398000
-870368.3606690416000
-870439.2788035297000
-870451.6395576644000
-870410.0221368449000
-870422.1962192797000
-870380.8983271235000
-870413.8573705838000
-870365.6197586263000
-870381.6030964523000
-870368.6213815047000
-870419.6055058299000
-870471.0225640491000
-870447.7005794812000
-870346.8653427713000
-870328.7549722292000
-870270.8901166521000
-870323.5541613749000
-870350.6110077627000
-870307.8894263341000
-870351.9041317975000
-870325.6288825168000
-870371.2258484365000
-870373.8943189837000
-870323.6079112127000
-870294.3680303087000
-870267.4868266253000
-870151.7552312545000
-870161.8279917586000
-870193.8672268349000
-870200.1372236485000
-870153.6896697653000
-870203.1402625286000
-870123.3449285412000
-870204.8248659396000
-870243.2027065211000
-870239.1902572429000
-870172.5566076598000
-870205.5868343763000
-870317.6447920492000
-870182.5024069500000
-870237.2391631973000
-870287.2121304426000
-870283.9602215531000
-870280.3084193015000
-870366.3966550336000
-870393.9420622555000
-870354.3496195507000
-870322.3361216732000
-870412.0769188332000
-870289.8511179900000
-870297.4697419943000
-870424.2007100255000
-870469.5701921466000
-870420.2045337390000
-870395.1677882551000
-870432.4577779993000
-870333.2635860821000
-870422.7316284169000
-870344.1734785043000
-870323.9921912420000
-870334.2654832489000
-870386.2429161523000
-870393.6012710820000
-870472.4758581513000
-870392.6157779138000
-870429.7339602878000
-870384.9070453102000
-870408.3879558771000
-870295.2427486527000
-870292.4970849332000
-870227.3557404124000
-870289.6579954689000
-870308.8569997331000
-870237.3213144700000
-870170.4537050438000
-870201.0639352662000
-870224.9638708765000
-870213.4084595927000
-870195.3736834928000
-870334.6835059713000
-870324.1754830377000
-870229.4294259967000
-870247.9312405448000
-870216.9756973019000
-870256.3804032613000
-870271.3334571270000
-870124.1710395470000
-870154.5701405205000
-870197.6923918201000
-870204.7441331184000
-870306.0196169178000
-870328.9652462170000
-870317.7525311316000
-870287.4870998393000
-870466.5297193413000
-870377.0458118566000
-870377.8079196676000
-870384.1494311317000
-870292.8923743997000
-870327.6630555310000
-870222.8899733997000
-870271.8713440243000
-870233.6067060234000
-870296.3352116342000
-870234.2906715833000
-870143.1914083924000
-870106.4183221420000
-870240.4924929562000
-870240.0884335017000
-870223.5361595389000
-870268.4950596410000
-870149.7480214167000
-870050.8234423744000
-870192.6262970924000
-870280.4810676294000
-870294.1819604193000
-870179.4452251074000
-870220.9637370094000
-870254.2781256920000
