-915066.6370509970000
-914263.9326781523000
-913661.2700745384000
-913230.7530391496000
-912794.0202198599000
-912448.3184637827000
-912175.3754692009000
-911950.8156245794000
-911794.3597861128000
-911581.5627812410000
-911333.5302652417000
-911202.4038241566000
-911004.3764925002000
-910834.7865595418000
-910770.9178514081000
-910612.2745952809000
-910478.5860713857000
-910395.9034886778000
-910357.0272892728000
-910211.8046622747000
-910183.4537564630000
-910015.3773330040000
-909976.7566009258000
-909914.2725127232000
-909863.7266966343000
-909856.2159411267000
-909732.7679184452000
-909708.7190258178000
-909619.7257432650000
-909527.8945973073000
-909500.2179005226000
-909461.4184948943000
-909347.6698337613000
-909376.9943528451000
-909352.6988142800000
-909276.8483136744000
-909236.1511892410000
-909134.7073913172000
-909115.4829330443000
-909119.1973363932000
-909052.6801256146000
-909056.6911069981000
-908938.4193388221000
-908887.0353849159000
-908838.5703357814000
-908838.4464318887000
-908881.5197619449000
-908768.7838699623000
-908715.8031877601000
-908712.2052008432000
-908661.3436202813000
-908614.3587377608000
-908564.0749124258000
-908524.8044325020000
-908480.0984674448000
-908469.1334239139000
-908471.1570050403000
-908453.7940360748000
-908423.3450169635000
-908379.1034560689000
-908338.5494260330000
-908348.8368878408000
-908276.7239763356000
-908272.9551312323000
-908280.5885252152000
-908286.0917521955000
-908197.5664749484000
-908096.5803269743000
-908120.8175921353000
-908099.5170058359000
-908072.8717839051000
-908003.5080599270000
-908004.9151563700000
-908020.5159546623000
-907998.4274064478000
-908001.8843470524000
-907925.4216847443000
-907891.7019638923000
-907846.3254054565000
-907849.4505088277000
-907890.3129542933000
-907803.3948006863000
-907819.0294029808000
-907799.0738746837000
-907842.3017800630000
-907767.0066096813000
-907843.5153639182000
-907839.8577120135000
-907754.6732747472000
-907732.1495429589000
-907692.4068978190000
-907657.7119691290000
-907677.1475126634000
-907737.2071335246000
-907731.4655894116000
-907739.4705326526000
-907730.2555576892000
-907647.1569147751000
-907610.5444517765000
-907624.9836813053000
-907596.1962808503000
-907588.1731644166000
-907542.2251806572000
-907561.8197435018000
-907519.0461990273000
-907546.2774192581000
-907525.4256908908000
-907540.8879636831000
-907554.5937722612000
-907543.6377835639000
-907531.7855709145000
-907541.2862685812000
-907550.2706027221000
-907434.1794065650000
-907416.9345549679000
-907418.9188826117000
-907422.7117276050000
-907462.0370273149000
-907379.4466356139000
-907420.1676638226000
-907418.2174151321000
-907416.7474220908000
-907327.3256798060000
-907346.9918884839000
-907320.3285973053000
-907310.8017333033000
-907289.1320890744000
-907370.3715016427000
-907303.0368837830000
-907316.3044871178000
-907335.7381984547000
-907287.6989936827000
-907298.1627804667000
-907278.5186484221000
-907336.1254534710000
-907251.9173225786000
-907271.1177823440000
-907245.5114868515000
-907288.5009996037000
-907273.6474059641000
-907232.3676014056000
-907232.3445368396000
-907244.9263853993000
-907257.4649223338000
-907183.3114219558000
-907148.5802088833000
-907188.8949287906000
-907128.5115683964000
-907091.2520517180000
-907081.1903850121000
-907026.8496774071000
-907024.0115510047000
-907045.2875541946000
-906982.8707916233000
-907001.4008215596000
-906947.6166645947000
-906997.5804854808000
-907004.4932294604000
-906968.0319250195000
-906930.0043914518000
-906919.0811424911000
-906942.8498334152000
-906921.4586647855000
-906863.8511210696000
-906889.0462969826000
-906874.2235294416000
-906847.4455900557000
-906873.0761346852000
-906858.1603833877000
-906917.8082187242000
-906926.6921809827000
-906874.0130157224000
-906853.0777778570000
-906856.7788445151000
-906825.6860070562000
-906895.6958230790000
-906840.0587583778000
-906850.4202138389000
-906829.0794345895000
-906797.5450656850000
-906816.6053128461000
-906792.5626574217000
-906727.4474989069000
-906740.5430724067000
-906795.8368088802000
-906807.3659753058000
-906704.4879298732000
-906705.6091418511000
-906729.9837025730000
-906733.6936066552000
-906727.6925741181000
-906730.2005486906000
-906712.7035817550000
-906749.2631942352000
-906690.9376956931000
-906697.0097625809000
-906725.4879611176000
-906772.4686519728000
-906659.2247211104000
-906710.8583042785000
-906758.0077667879000
-906737.1722545266000
-906710.9655051274000
-906711.9951789826000
-906702.8235279457000
-906774.0087970485000
-906733.3725276266000
-906732.3721875778000
-906728.3905224160000
-906698.4774441815000
-906723.0867989655000
-906673.9215065102000
-906603.8179592657000
-906615.3981346298000
-906550.7413770468000
-906570.6135717971000
-906533.9466853836000
-906493.1934020801000
-906543.4673873505000
-906552.8958508486000
-906520.3636267199000
-906521.0715556007000
-906524.8992128138000
-906507.5976363531000
-906508.6145056621000
-906449.6106130645000
-906483.5577805891000
-906474.9948026972000
-906512.6725866337000
-906568.1029026501000
-906509.2480799524000
-906513.6796055622000
-906408.6333382614000
-906431.9527880638000
-906471.1441948729000
-906421.2652251981000
-906408.9360319170000
-906455.9809449248000
-906460.4084475583000
-906434.1429735762000
-906459.2972611142000
-906443.6853639251000
-906464.9250989915000
-906393.4267574676000
-906345.0753753433000
-906376.0257281305000
-906398.2977242634000
-906388.4111761365000
-906392.3272729521000
-906401.1178713513000
-906400.3921684894000
-906435.0283992649000
-906377.5277526908000
-906442.6545318511000
-906363.3433780720000
-906354.1431406861000
-906313.4097292632000
-906235.0895913180000
-906235.0189997206000
-906211.7801144901000
-906273.3285329035000
-906260.4256277484000
-906247.4459084267000
-906343.6123194671000
-906292.9372787980000
-906216.2751368892000
-906204.1777301030000
-906207.1944302409000
-906201.9963360189000
-906240.3849507570000
-906212.0289135643000
-906165.2571025946000
-906218.4077444540000
-906170.9993575305000
-906163.8758508640000
-906136.1805267312000
-906168.2142970737000
-906192.8434563094000
-906205.0649167851000
-906216.9904074637000
-906096.1187413719000
-906133.5715868882000
-906125.2290801904000
-906087.1759363936000
-906082.3149010936000
-906083.7130509479000
-906040.7697961029000
-906091.6817549808000
-906061.8463182227000
-906054.5284347102000
-906075.8281711590000
-906100.1398090009000
-906132.7151852719000
-906197.8992669019000
-906101.9024715385000
-906117.2171012855000
-906064.8489987133000
-906057.8072812011000
-905979.3098110704000
-906049.7198936093000
-906000.2858129584000
-905938.9344271033000
-905902.2716019414000
-905925.3091001615000
-905969.7465416043000
-905982.5686645895000
-905966.1981143970000
-905932.1180099329000
-905956.1735691186000
-906006.1219460671000
-905982.1869263941000
-905940.3535024304000
-905886.5276338817000
-905870.5152720120000
-905875.7640008758000
-905863.0761034326000
-905826.2922632293000
-905801.7454557596000
-905832.1168790013000
-905895.4317762331000
-905840.2735380545000
-905874.1687485666000
-905828.5725220775000
-905816.8853601925000
-905910.4002448887000
-905878.5477813061000
-905817.0159938853000
-905883.3052244693000
-905863.3644133387000
-905875.7085326771000
-905817.1969514835000
-905807.3448410098000
-905771.3245773967000
-905700.6169722487000
-905718.4373986013000
-905702.1375250070000
-905734.4131667616000
-905694.1342407999000
-905779.1158866136000
-905734.1734937814000
-905744.1165739283000
-905747.9477615604000
-905754.5946374538000
-905672.4505640552000
-905662.4511372257000
-905649.9541150857000
-905627.0691789625000
-905620.9883295663000
-905620.1459405232000
-905583.0200689571000
-905597.9645404800000
-905612.3917856815000
-905598.2057909588000
-905541.0086674828000
-905597.1804455656000
-905647.0981566892000
-905557.2647160641000
-905635.9697223197000
-905613.5443528438000
-905588.6599352848000
-905638.9964339816000
-905608.3951553988000
-905583.5079307539000
-905616.2896713013000
-905633.9433215869000
-905637.1792428792000
-905617.2543808315000
-905633.2582703964000
-905584.8998122539000
-905577.5973615041000
-905524.4623344390000
-905569.1927386897000
-905550.9952859911000
-905517.5166515831000
-905488.8076346269000
-905564.2983146047000
-905584.3601518659000
-905539.6327564127000
-905533.9692208478000
-905487.7507301888000
-905448.0602645543000
-905432.9748788298000
-905359.8779061520000
-905372.3864217355000
-905351.8058643527000
-905358.9709324517000
-905371.1382645139000
-905340.5970040237000
-905321.6555509429000
-905323.5256439677000
-905325.9244307133000
-905323.2713047790000
-905323.4273908952000
-905321.6200908473000
-905299.2242332832000
-905339.5280852997000
-905262.9043513745000
-905301.3120180947000
-905295.9181339893000
-905242.5298329907000
-905238.5935815530000
-905262.2608222228000
-905291.9759889303000
-905239.9463279347000
-905236.5362732450000
-905253.9223334938000
-905245.9865056319000
-905228.1418984819000
-905189.4268205573000
-905157.4739848905000
-905221.0472680049000
-905162.1897746015000
-905169.7961941562000
-905114.9201822358000
-905173.9448441837000
-905115.5281102523000
-905118.4058978498000
-905154.3651920168000
-905134.9800534400000
-905096.2906604726000
-905059.0248779851000
-905118.4182953200000
-905153.6650444482000
-905167.6396445755000
-905141.9141041186000
-905094.1416817015000
-905170.2619154777000
-905056.4137567033000
-905118.3313089114000
-905072.8374409337000
-905143.3260458938000
-905185.2571013767000
-905198.9759879191000
-905233.7327452461000
-905132.7805255910000
-905103.1802134176000
-905068.8320661818000
-905082.0385364201000
-905047.3438561858000
-905035.1103216202000
-904956.6580240155000
-904991.1858845805000
-904931.8921522040000
-904949.4228956305000
-904991.4300659970000
-905010.7682343718000
-904975.0440938701000
-904993.5564316231000
-905026.8528408195000
-905020.3696954913000
-904989.2332841465000
-904931.4083837422000
-904956.7239527636000
-905008.1763865955000
-905046.6549662934000
-905063.3270910931000
-904961.0076970335000
-904970.2481868609000
-904965.7293723521000
-904909.0218081475000
-904924.0712346192000
-904940.7257908736000
-904906.6934268383000
-904942.9881317357000
-904998.3186821737000
-904961.4317155987000
-904954.4443103705000
-904930.0452215998000
-904949.6697676951000
-904935.2162568663000
-904940.0406025205000
-905012.1801697848000
-904931.9973586992000
-904891.7657226841000
-904860.6071664351000
-904827.4681003408000
-904820.6521889092000
-904764.9068577682000
-904775.7095596445000
-904744.2721214412000
-904807.8948138279000
-904841.5070706172000
-904840.8301487785000
-904814.3858098218000
-904756.1134793059000
-904784.8462113730000
-904699.5296479544000
-904690.4990517503000
-904716.5473138765000
-904749.4396383109000
-904724.3233247034000
-904693.8804800954000
-904699.6488544721000
-904724.2799693858000
-904747.9811356144000
-904720.6549980448000
-904613.6646200672000
-904723.8293335519000
-904668.1845061049000
-904763.0525939774000
-904732.7099407965000
-904741.3645891264000
-904727.6168772927000
-904712.1384012476000
-904743.4900654556000
-904755.6505665762000
-904673.7814940461000
-904708.3948265181000
-904700.2175928284000
-904748.4142502322000
-904744.9030960853000
-904649.0124564917000
-904717.5731640551000
-904714.8057348775000
-904721.3812535679000
-904655.7413754197000
-904618.4269538280000
-904574.5990028025000
-904576.9575209153000
-904642.7356726122000
-904653.8576751543000
-904601.6063366132000
-904637.1828039539000
-904643.3475185989000
-904604.2261020653000
-904641.1585970547000
-904649.8253767134000
-904627.7333649640000
-904582.8461670205000
-904637.6716401038000
-904623.2510544105000
-904551.6483981743000
-904498.9434880121000
-904459.6273707605000
-904520.5807749345000
-904498.7110891127000
-904464.9927887740000
-904455.1308239583000
-904444.9590797300000
-904492.5754209392000
-904473.1821055308000
-904432.3291524515000
-904409.6277379630000
-904479.7954909321000
-904453.6827079100000
-904415.3935751903000
-904451.1038946222000
-904412.1962922195000
-904362.5928856195000
-904406.2055618693000
-904391.2958327151000
-904452.2171717056000
-904430.5739111071000
-904484.1060287288000
-904463.9654426724000
-904440.8662192434000
-904446.1800927719000
-904374.7276374283000
-904373.8634772294000
-904471.1119960466000
-904448.1725764163000
-904444.7095414026000
-904500.8156331459000
-904491.3729031430000
-904457.9002248300000
-904419.2785315823000
-904450.0353785525000
-904407.8978887884000
-904428.7561433087000
-904412.0551577669000
-904427.2072752450000
-904433.9493968163000
-904423.6305459380000
-904395.4585446141000
-904368.7264383480000
-904393.7970122248000
-904387.0962038989000
-904388.7613510789000
-904277.0397137955000
-904387.8191187419000
-904331.2046030305000
-904309.6677096081000
-904301.6818703566000
-904394.9432848148000
-904319.6353325085000
-904344.8442789626000
-904377.7763723356000
-904321.7545900771000
-904370.1238262906000
-904390.8653769834000
-904354.8020388595000
-904341.7946776152000
-904301.2055456159000
-904366.7957686909000
-904309.8338535605000
-904314.0326571075000
-904283.8349828041000
-904285.3599562126000
-904282.6786773761000
-904217.1804697837000
-904243.4758790403000
-904270.2181182716000
-904286.6593487567000
-904268.0745682337000
-904230.0677764612000
-904251.3886681290000
-904253.2503587981000
-904253.1234084154000
-904300.0212351088000
-904221.8818052501000
-904223.5375445349000
-904169.9672184407000
-904232.4588008277000
-904237.7368292410000
-904253.6094539833000
-904230.9810459932000
-904193.8910480748000
-904219.0725659889000
-904196.5254753330000
-904189.9590761757000
-904172.5167925584000
-904207.3532555380000
-904162.4910455634000
-904156.0015939870000
-904208.1001219000000
-904129.6844323140000
-904173.4331252257000
-904113.1859767106000
-904161.2223123500000
-904161.5905037970000
-904187.3547350967000
-904225.8806898464000
-904194.0724617288000
-904186.5398626692000
-904125.5217866761000
-904141.8651032549000
-904132.2566652582000
-904075.2906242787000
-904113.5867614063000
-904073.0434999324000
-904161.3830622538000
-904144.6080508889000
-904133.9076405531000
-904121.0298970050000
-904172.0813169647000
-904077.6657704114000
-904120.5644652646000
-904091.0986502212000
-904044.0657919492000
-904104.6957256276000
-904096.4627075704000
-904055.6575748847000
-904085.6151313953000
-904123.3441653857000
-904117.3179463397000
-904127.1676519917000
-904052.9649549295000
-904037.4208295291000
-904042.6227503227000
-904000.7068543653000
-903957.0718507926000
-903985.2146536976000
-903951.6110194873000
-904009.3503521880000
-903987.8833040773000
-904080.8894441990000
-904026.3875155570000
-903987.6821104082000
-903965.4167906287000
-904022.2458145608000
-904040.4615477633000
-904070.6524200502000
-904070.3123685340000
-903991.2620438504000
-903906.8386971597000
-904008.4773601397000
-904047.9862252708000
-903954.0919192287000
-903971.2956260298000
-903963.7524447165000
-903926.1977950740000
-903914.5674438942000
-903915.6689598480000
-903928.2647138839000
-903937.6892033998000
-904050.3218368784000
-904003.5866085486000
-903985.6521898857000
-903942.5674501032000
-903969.6902238330000
-903974.2491335266000
-903989.3357459585000
-903937.3823717256000
-903921.6438469628000
-903923.9449867836000
-903887.7484706786000
-903856.9746969280000
-903887.1327284893000
-903893.7071190475000
-903926.5971686735000
-903929.4215946252000
-903946.0482457900000
-903974.3395435050000
-903998.3617681429000
-903972.6537266194000
-903923.6855046137000
-903947.3208202672000
-903975.5987535353000
-903901.7455018836000
-903920.1627019866000
-903928.9290044743000
-903934.4381536801000
-903915.8519592155000
-903924.5392924867000
-903903.5093698516000
-903871.6261028044000
-903912.1364922958000
-903882.5834756414000
-903914.2956610369000
-903841.0016540831000
-903940.1850632664000
-903895.6091532420000
-903865.2569955739000
-903896.0821995259000
-903807.1729624874000
-903834.0399180191000
-903763.5247151563000
-903830.2487699209000
-903826.5058907351000
-903864.6619721365000
-903915.6391512901000
-903949.9656336319000
-903997.3270322772000
-904018.1194460146000
-903997.4401623446000
-904054.1028260870000
-903970.9051343251000
-903940.1466799923000
-903849.7435098299000
-903932.4294527223000
-903917.1246560610000
-903941.2956880480000
-903891.7946095839000
-903896.3388292256000
-903909.7352608519000
-903897.6260405390000
-903847.1497967506000
-903894.5379268550000
-903848.9878581114000
-903782.7249330229000
-903745.2837335232000
-903691.4850807558000
-903696.1234641705000
-903806.0137098519000
-903789.8872403760000
-903790.9163968709000
-903803.7820558469000
-903779.5542776991000
-903764.9848037789000
-903837.4854449601000
-903782.8385317930000
-903690.7663400309000
-903662.7345399349000
-903727.6596007227000
-903706.2195988090000
-903654.8183834254000
-903644.5327574982000
-903702.2979308193000
-903644.1345497437000
-903599.8004582761000
-903616.1985201938000
-903632.1934630972000
-903710.3802128991000
-903798.1419499068000
-903753.1179783524000
-903730.3897089963000
-903820.1479596580000
-903758.0475682304000
-903682.9213593897000
-903753.6581466949000
-903784.3677109814000
-903789.7186391313000
-903843.2466585472000
-903830.1345420283000
-903791.8104059965000
-903833.0545921915000
-903751.2454502971000
-903771.4764920869000
-903698.0838974358000
-903656.9350563152000
-903666.0070174122000
-903686.2929795206000
-903650.4978114698000
-903640.0347512310000
-903677.5817994839000
-903720.0908103895000
-903705.9413002718000
-903727.1941633698000
-903706.3256518802000
-903696.5704280576000
-903753.5607492037000
-903728.9784046471000
-903746.0749975153000
-903738.6288111081000
-903756.8356043317000
-903813.7746428142000
-903773.8416753119000
-903750.2050245821000
-903649.6205435755000
-903642.5989264591000
-903615.2815498108000
-903632.7592751543000
-903588.9300545851000
-903680.1069702319000
-903569.7183614252000
-903592.6196457060000
-903623.1188960281000
-903591.7737765561000
-903555.2456046463000
-903542.1463958824000
-903532.6971741580000
-903613.7090488578000
-903541.8349860368000
-903527.1427488270000
-903562.4564913729000
-903623.5159454063000
-903561.0786853267000
-903532.6077157763000
-903467.3355198414000
-903473.8740977237000
-903480.0185726654000
-903518.7710691798000
-903503.9698938007000
-903544.0746113717000
-903508.2638611714000
-903534.2091289966000
-903518.9691681769000
-903527.1378619089000
-903552.2919947368000
-903501.2484228257000
-903453.6135001366000
-903459.9033821090000
-903497.1312158749000
-903482.1336213402000
-903526.7603124378000
-903575.3831305281000
-903580.4220002288000
-903521.8075496007000
-903605.1422481079000
-903596.3360419638000
-903628.2181621318000
-903607.2836310191000
-903616.6191491649000
-903671.7220965442000
-903660.5893951482000
-903570.6757600039000
-903642.4696437536000
-903633.6421959035000
-903520.1723303021000
-903609.8845458329000
-903657.0083181780000
-903619.0237099815000
-903627.1368361163000
-903606.5898623378000
-903590.2484612580000
-903578.4343165937000
-903570.8839920443000
-903598.4035912760000
-903574.8396172314000
-903518.2869231259000
-903526.3690608329000
-903528.9465249407000
-903628.0128664188000
-903618.4067961095000
-903605.9672837316000
-903632.3532534365000
-903575.7150788903000
-903618.5610330971000
-903624.2024850848000
-903622.2773267861000
-903611.9813364244000
-903583.6940888064000
-903555.3084906547000
-903596.2511229104000
-903582.2856398519000
-903498.4589177459000
-903506.0131034566000
-903455.4260526538000
-903466.3067741519000
-903510.4106400955000
-903533.1527692081000
-903528.8959124518000
-903620.1094587190000
-903547.7927595490000
-903504.0217115103000
-903604.4859896163000
-903621.3781564100000
-903576.2966277230000
-903598.8436013199000
-903554.2748916383000
-903565.0783214174000
-903521.0644919211000
-903555.3413004895000
-903565.7286752911000
-903570.2665316768000
-903591.0644709925000
-903638.2081900061000
-903568.2987682153000
-903581.5208349952000
-903581.8080222359000
-903581.3276066176000
-903568.3219451242000
-903637.8939518833000
-903551.9197527920000
-903534.9813438619000
-903595.3459767771000
-903560.0329087089000
-903624.5907103246000
-903616.5709093029000
-903684.4272863227000
-903632.9571897681000
-903686.1719764129000
-903650.2911184363000
-903617.5192509902000
-903622.1341271311000
-903602.1122018164000
-903636.1572143690000
-903571.7234224487000
-903504.7541111718000
-903534.6224515245000
-903581.7783488091000
-903588.9642419271000
-903587.5705180495000
-903580.5327116403000
-903568.2319980240000
-903659.7428938013000
-903662.1153783209000
-903692.0629688757000
-903711.3303231194000
-903739.7572938552000
-903765.7204097905000
-903805.6745399396000
-903788.0437604164000
-903818.1677116737000
-903784.1064728652000
-903771.4336693409000
-903771.5790428540000
-903763.2057105763000
-903780.0050669024000
-903719.5245112448000
-903737.8051160455000
-903720.7751193104000
-903627.5643098035000
-903600.3671637770000
-903584.4813966213000
-903633.6384926727000
-903615.1840901749000
-903659.8400122937000
-903627.1604307963000
-903621.3595986102000
-903586.2802520707000
-903635.3745887330000
-903612.9724253283000
-903562.2608640641000
-903602.6468463433000
-903535.3836855383000
-903572.8981337991000
-903534.8659148696000
-903533.9747596340000
-903557.0850932237000
-903525.5655805493000
-903596.8129353161000
-903607.2983024404000
-903523.0982710584000
-903448.3735832553000
-903541.2333001817000
-903580.2263081420000
-903578.3408604752000
-903529.3084668705000
-903591.5830789015000
-903573.8510996156000
-903552.7445480998000
-903634.5727228867000
-903619.1784825538000
-903570.0582904929000
-903555.8901814679000
-903562.2023608981000
-903530.7029065553000
-903567.6589756680000
-903592.2562316692000
-903589.5710319857000
-903626.6279807430000
-903655.4640202355000
-903677.5068768286000
-903610.9530494382000
-903530.5543867233000
-903574.4798052827000
-903546.7836497520000
-903562.6797417325000
-903521.2683879280000
-903509.1351812717000
-903449.4240807218000
-903447.0192924656000
-903460.3917916322000
-903484.0901729641000
-903412.9102811052000
-903345.1484557994000
-903372.1207535232000
-903431.6506471722000
-903447.3332339833000
-903456.6963606351000
-903506.7511032944000
-903423.7119094142000
-903442.6531938438000
-903457.6444128780000
-903461.4797727000000
-903477.0353811928000
-903523.1304242901000
-903493.3117340385000
-903438.6923553800000
-903422.4284826453000
-903410.3499195148000
-903402.0511137113000
-903412.2678089334000
-903390.7385889363000
-903418.8721189981000
-903462.2942735861000
-903447.4238627180000
-903431.2852978118000
-903440.6404389150000
-903443.7438395164000
-903390.8431360697000
-903432.0668047525000
-903443.4989454861000
-903375.3351983557000
-903428.4869800089000
-903363.7961563995000
-903374.4265456725000
-903404.5288800140000
-903367.7723316026000
-903386.1432808687000
-903379.3046935484000
-903391.2740689116000
-903278.6095859288000
-903278.0019433493000
-903281.7719423303000
-903272.7915610276000
-903299.6969602049000
-903280.8704186608000
-903237.1430099367000
-903308.2255889016000
-903294.1649866721000
-903345.7330035348000
-903343.0276994437000
-903375.5938855252000
-903339.3699647303000
-903315.3027018817000
-903380.5873636535000
-903400.7583786091000
-903397.5383943120000
-903365.4460494821000
-903331.7805374688000
-903302.4232989526000
-903312.1576120983000
-903286.0699720633000
-903310.3919011335000
-903313.4270706492000
-903309.6887941796000
-903310.6355617855000
-903312.9787514894000
-903299.6938416860000
-903327.5228540708000
-903305.3145770231000
-903348.5995294665000
-903283.3279734526000
-903314.0754167909000
-903351.8640555198000
-903324.4482933407000
-903309.7182827354000
-903336.1764773858000
-903335.1334836852000
-903385.8445849715000
-903318.4570599368000
-903352.9702301108000
-903357.4535275863000
-903331.2301138123000
-903332.3592933355000
-903338.6825623048000
-903424.4914685924000
-903346.5038900390000
-903352.2869512871000
-903405.4962594729000
-903424.5442662742000
-903450.3401753170000
-903378.9455602028000
-903364.5847408763000
-903378.9483427478000
-903368.3356794138000
-903346.3241456194000
-903286.5775813006000
