-908091.8895510952000
-901742.8996362842000
-896925.5258998334000
-893207.0917266638000
-890418.3013664705000
-888110.8762503457000
-886237.2375855880000
-884687.3350034350000
-883263.6379959313000
-881830.0119282178000
-880638.5807144970000
-879660.4881092792000
-878675.8787792643000
-877528.7563343480000
-876685.3874462476000
-875735.0480825390000
-875098.4371151095000
-874143.8848350513000
-873438.8145113843000
-872815.5728312517000
-872260.9502504512000
-871709.5194111920000
-871199.1243524457000
-870716.3929210594000
-869993.8052555824000
-869432.7932795992000
-869005.2222588974000
-868642.6399388186000
-868227.3799339785000
-867667.4044384817000
-867170.8013358815000
-866984.1581601275000
-866455.8657181131000
-866112.2937804103000
-865767.4058023163000
-865444.9788481578000
-865157.9453662990000
-864746.0352673697000
-864485.2324449086000
-864098.9959081204000
-863876.5641559303000
-863562.5438353594000
-863160.6171845132000
-862753.7994098275000
-862451.1463696201000
-862146.1242911350000
-861761.3282981223000
-861619.8995294772000
-861407.2318668221000
-861300.3166788450000
-861102.5024218826000
-860923.6705339897000
-860817.3153752000000
-860493.9349010810000
-860351.9284748719000
-860109.1539298255000
-859808.6704118134000
-859710.7693699336000
-859541.8583513446000
-859218.9910718113000
-859040.1966597221000
-858762.2515401813000
-858719.0083862182000
-858684.2160187790000
-858362.8745679205000
-858218.4722422261000
-858029.6790854232000
-857953.3095107030000
-857662.6852008675000
-857505.0378812732000
-857389.8449505059000
-857296.8347170018000
-857329.5013312263000
-857204.7627472896000
-856934.7377773385000
-856809.0900006226000
-856768.6729919999000
-856602.9067192638000
-856413.9939138014000
-856416.5567708650000
-856293.8243158578000
-855965.4729676842000
-855827.1318159322000
-855855.9488611400000
-855683.9456910801000
-855513.7185037098000
-855630.6570548410000
-855474.8003072897000
-855254.8483691986000
-855234.1062725933000
-855266.4527677643000
-855248.8390494782000
-854993.7968720928000
-854990.9391858042000
-854786.2983170402000
-854601.5681801900000
-854435.6212854385000
-854450.9162925695000
-854317.9330163413000
-854222.4550631208000
-854160.9366714465000
-854132.4181370856000
-854020.3630810609000
-854068.8061644762000
-853849.8453243899000
-853824.4279422917000
-853752.5952823464000
-853674.0294390860000
-853397.0042753707000
-853346.5723663224000
-853371.7552865746000
-853294.1967287785000
-853187.5234357950000
-853156.9885351604000
-853133.0487416418000
-853154.7933017883000
-852996.8345214140000
-852901.9307955744000
-852807.9870045310000
-852714.7506763970000
-852746.1693881865000
-852870.1096625448000
-852700.4999239781000
-852611.7198518836000
-852521.3672272308000
-852410.0149754506000
-852302.8420295801000
-852339.3807063791000
-852285.2522169905000
-852362.6640481419000
-852233.2780664580000
-852062.5839053942000
-851948.9707013023000
-851976.1118553043000
-851830.4444072574000
-851846.2596282029000
-851781.4325308133000
-851559.2562732312000
-851806.7272637088000
-851811.2290917109000
-851679.2601695474000
-851592.7283457532000
-851537.0465468987000
-851444.4646034023000
-851249.7274281170000
-851371.5997302979000
-851242.6918129409000
-851219.5460406798000
-851266.7268456767000
-851286.6411963524000
-851174.7892482508000
-851126.7919516616000
-850994.8345165513000
-850933.5326655705000
-850939.6302426549000
-850901.1689467232000
-850946.6978035917000
-850855.0797482694000
-850729.6153317777000
-850643.4531894390000
-850675.3206087811000
-850763.6711608911000
-850792.2807415066000
-850615.5018987313000
-850581.7178408238000
-850510.6960725265000
-850482.4702843790000
-850430.7751482644000
-850478.8064786575000
-850339.4909797307000
-850234.8382364974000
-850250.1324997891000
-850279.4220253648000
-850330.2486247572000
-850194.0810231543000
-850187.9764024364000
-850239.0896825299000
-850111.2718934160000
-850157.4379066239000
-850268.1398589310000
-850154.9999578281000
-850120.1901457481000
-849937.0245924339000
-849967.1099580531000
-849888.8477546888000
-849888.8098009560000
-849942.0590673380000
-850030.3939802736000
-850098.3442650574000
-849896.0990009529000
-849935.2710780731000
-849909.6513925856000
-850064.7627517348000
-850015.5476458615000
-849871.8398152858000
-849859.8964978531000
-849945.7871239831000
-849847.8705972068000
-849693.5018332181000
-849671.3475116157000
-849671.2957987224000
-849869.1457440960000
-849746.5727017131000
-849638.1439215795000
-849742.1063066357000
-849768.9921756606000
-849503.7761452998000
-849413.7943944939000
-849321.9404140098000
-849458.1929420249000
-849306.7526366207000
-849323.9656162788000
-849431.7355396042000
-849449.2274043649000
-849471.1262901094000
-849491.4311987920000
-849478.6189896438000
-849141.8212092690000
-849192.6430860852000
-849176.5041316261000
-849270.7126076702000
-849177.6547549673000
-849213.8138089671000
-849123.6992773255000
-849091.7273303709000
-849215.5616584541000
-849132.4865658203000
-849142.6886398529000
-849187.6887791422000
-849221.8701504269000
-849026.2786809140000
-849108.4315901203000
-849152.7715302159000
-849105.7313868821000
-849221.9408232266000
-849239.2733960059000
-848949.4501997046000
-848871.8054088297000
-848877.9774482372000
-848819.1309006618000
-848776.0336500081000
-848886.8178886927000
-848888.4413968085000
-848768.6188475257000
-848673.3812266893000
-848767.0774348010000
-848872.7697306762000
-848798.3816137163000
-848757.3248462045000
-848752.0835066243000
-848890.0532387776000
-848817.2021039093000
-848976.5862049852000
-848913.8446710247000
-848908.6640635405000
-848885.3307150526000
-848944.2072477066000
-848850.8275132669000
-848635.1602724252000
-848785.6675433174000
-848844.5388620537000
-848796.9497475578000
-848755.9115063814000
-848784.7573403812000
-848807.9232951594000
-848586.6285300677000
-848534.0057329444000
-848553.4490310540000
-848373.1159055008000
-848393.3430233009000
-848524.5952425923000
-848366.8898213720000
-848465.4940555228000
-848514.1169705497000
-848432.5290192070000
-848391.8099514467000
-848666.0636865086000
-848470.9818426124000
-848499.1337474610000
-848424.1592742424000
-848388.2189877109000
-848475.4287491435000
-848405.3357864076000
-848205.5736306213000
-848216.2488476110000
-848272.8769896153000
-848285.2445522163000
-848356.7227831366000
-848264.2971037483000
-848172.1099601573000
-848323.6079008090000
-848450.0164746832000
-848380.5032168590000
-848289.0874206593000
-848235.3431847498000
-848180.3096682568000
-848111.3386905191000
-848134.2134777235000
-848088.5294912821000
-848175.0372224461000
-848019.6865988973000
-847911.7423099320000
-848142.8361945550000
-848059.6122682109000
-847893.1038403808000
-848114.5084356571000
-847947.4989943857000
-848090.7231668902000
-847900.0983096949000
-848058.6534603973000
-847972.2002185206000
-847898.4465307170000
-847911.1291494670000
-847958.8394026048000
-848100.0682041366000
-848052.9988935462000
-847963.4924651734000
-848012.6560348913000
-848057.9588638471000
-847933.7427941704000
-847901.0474435086000
-847949.7335390177000
-847986.9154075612000
-847881.2096845127000
-848028.0254034344000
-847865.4775485314000
-847893.8479939256000
-847782.0808005650000
-847855.4298226184000
-847841.0408486790000
-847879.1206645063000
-847884.9608485942000
-847881.2780916973000
-847963.5776738446000
-847857.1041207280000
-847857.9416424100000
-847784.6177695466000
-847878.1280481620000
-847813.1496997450000
-847933.2266015632000
-847738.2897534616000
-847730.4605210759000
-847759.8682972450000
-847879.6755782877000
-847764.9993368518000
-847849.4719509168000
-847860.0965644296000
-847879.8674567908000
-847824.1042347382000
-847786.7813802618000
-847768.4525442694000
-847798.7428014347000
-847819.1596101635000
-847856.8450446575000
-847642.5831064925000
-847637.4072111290000
-847601.8748446639000
-847703.9136975281000
-847587.5484125381000
-847920.1729808212000
-847795.8481439595000
-847792.7989969722000
-847630.0192441553000
-847802.7325335696000
-847685.5121551990000
-847697.5690618476000
-847809.2428953926000
-847654.3298577946000
-847692.2033497323000
-847698.2642489311000
-847781.1130168145000
-847637.0105280775000
-847694.0519050552000
-847641.2507756674000
-847710.0123185773000
-847641.8651639810000
-847614.0695863734000
-847671.3952153019000
-847614.1917897960000
-847589.4345861173000
-847588.5199137495000
-847623.6712297342000
-847604.5308507861000
-847476.7967614417000
-847424.1037012864000
-847521.8786611058000
-847663.7043408451000
-847487.8930223174000
-847547.3285824483000
-847532.9978240833000
-847372.3510767040000
-847472.0428845340000
-847576.9617950317000
-847425.1127558209000
-847516.6944999828000
-847515.1748191853000
-847378.6884056543000
-847457.6629150428000
-847477.9022441657000
-847364.2715588341000
-847311.5188841762000
-847307.4197404431000
-847341.8913579123000
-847441.9467307357000
-847491.1900006675000
-847463.2140416931000
-847451.3837214634000
-847458.9311166854000
-847467.3247431007000
-847360.1805620705000
-847498.9293381590000
-847514.9381345443000
-847381.2179796459000
-847399.8011028542000
-847639.2733356191000
-847479.0812536140000
-847288.6653598210000
-847368.7532777826000
-847267.8013115253000
-847305.8553314538000
-847206.8196056036000
-847118.4680914468000
-847129.1641616883000
-847056.8844525492000
-847073.8260351716000
-847127.6911515128000
-847224.5776299188000
-847189.5843113007000
-847250.8624829882000
-847199.5394700491000
-847233.5123487416000
-847212.3132526418000
-847271.2271372484000
-847388.2964450691000
-847292.9295197969000
-847259.9813083798000
-847310.1651979776000
-847404.7976730987000
-847202.6825192646000
-847095.3889090116000
-846969.6086530718000
-847042.5206516891000
-847078.9398028513000
-847112.0197152062000
-847170.7834285720000
-846995.1997018353000
-846989.8751357035000
-847033.3578620896000
-847204.7432347011000
-847075.9452053645000
-847022.1388509210000
-847015.6241129361000
-847070.3118733539000
-847139.6686853899000
-847222.8084624389000
-847183.9163558236000
-847291.1202500243000
-847168.9218276476000
-847175.7916473558000
-847125.1120369709000
-846928.7103777888000
-847144.2772210812000
-847090.5027931356000
-847049.5403141084000
-847008.3291592225000
-847126.8022714500000
-846986.4084665088000
-846954.4789846453000
-847001.2803455332000
-846945.4484200737000
-846856.9781223090000
-846882.3763923709000
-846955.3552340678000
-847018.1403649529000
-847095.7151803214000
-847060.9458347929000
-847024.5049769871000
-847073.2946465138000
-847033.6833086272000
-847124.9154529134000
-847013.9955371250000
-847078.4364191636000
-847017.4054034799000
-847038.3779440691000
-846870.6936845696000
-846947.9889107775000
-846863.5018441307000
-846768.7290440833000
-846749.5645571668000
-846696.4158835347000
-846844.9975864358000
-846794.9934478218000
-846591.4065015024000
-846740.4090011573000
-846513.1188974138000
-846663.9714987433000
-846709.8254144107000
-846689.5999523655000
-846779.5004053573000
-846743.3590429730000
-846684.9804910661000
-846769.3565562078000
-846625.5395580193000
-846669.2638130428000
-846718.5602619092000
-846791.5579497961000
-846692.2447792360000
-846779.3042681273000
-846655.0190911116000
-846683.8018638802000
-846662.0260337656000
-846700.5155940417000
-846755.3058373231000
-846577.2951761003000
-846664.9485336086000
-846570.4847204358000
-846663.4112297194000
-846658.0449270534000
-846837.8087404692000
-846673.0445820468000
-846585.8506722461000
-846601.9123101353000
-846635.5039773347000
-846728.7846290768000
-846650.9812098087000
-846585.5492553777000
-846673.1287106698000
-846725.2389521041000
-846699.0300906381000
-846695.1610954172000
-846685.7681044330000
-846749.5168794217000
-846730.5746827951000
-846724.7557018502000
-846799.0429353671000
-846760.1256548426000
-846643.6495499082000
-846656.3728199370000
-846576.8015159050000
-846559.6581749349000
-846723.5807582404000
-846593.3590577590000
-846597.8440137317000
-846521.4377922154000
-846558.9082810370000
-846475.6383563610000
-846440.6170292468000
-846597.2571342309000
-846565.7404621547000
-846457.1665599887000
-846485.6756970653000
-846386.2621623157000
-846590.1192079197000
-846580.9335070737000
-846643.7265721213000
-846594.1298287109000
-846482.2163124310000
-846554.6676902708000
-846532.7779549502000
-846516.7668181217000
-846513.5387607553000
-846465.6290927356000
-846407.7840948221000
-846552.1071756178000
-846633.5078008027000
-846481.7309508689000
-846492.1901197616000
-846371.8228786619000
-846393.9164550273000
-846479.6088831933000
-846582.9226905704000
-846640.7760699659000
-846627.0121493359000
-846628.0889657935000
-846672.9724646690000
-846752.6286662942000
-846860.1054254523000
-846701.7289607609000
-846821.6739680995000
-846647.0858636413000
-846587.2690489016000
-846551.8390375494000
-846393.7094373583000
-846506.5287135479000
-846514.1288284556000
-846491.4753012495000
-846646.6373806036000
-846634.6807936069000
-846703.0571354332000
-846668.9836459315000
-846622.0517321548000
-846574.0691016171000
-846402.7418910240000
-846416.0788849023000
-846375.6024380808000
-846493.8149231708000
-846560.6753764931000
-846448.1025055367000
-846419.1911912459000
-846417.2894260339000
-846657.7440079533000
-846563.5819208177000
-846510.4404035321000
-846560.5867857125000
-846594.8975330039000
-846579.3303006370000
-846334.9934933690000
-846396.2560515029000
-846514.0668506229000
-846422.6243132157000
-846357.6482629457000
-846337.0710558655000
-846319.1890091257000
-846395.2621039597000
-846408.4479801626000
-846324.4529211720000
-846384.2490477841000
-846420.1811089312000
-846533.7193728249000
-846617.1254591676000
-846573.0063089362000
-846413.6341088667000
-846384.1306172976000
-846465.8203023185000
-846525.6526891784000
-846526.1701404310000
-846376.9191995537000
-846303.6437646887000
-846278.8007045262000
-846318.6299544745000
-846395.8162893782000
-846427.7244104956000
-846501.8026927150000
-846353.5673327966000
-846282.7438921052000
-846309.1554972310000
-846292.9883414555000
-846466.3043968702000
-846470.9834689510000
-846360.6804969619000
-846311.2556102681000
-846277.6207503707000
-846363.8688282019000
-846394.5016571374000
-846342.9707853412000
-846298.9594930364000
-846369.9117055681000
-846310.6153634730000
-846241.5224682045000
-846167.4565449957000
-846266.3097543105000
-846335.9758051737000
-846305.2716453198000
-846274.4633081104000
-846213.7481112687000
-846316.7979120960000
-846239.2182354355000
-846175.3639391859000
-846334.2887218082000
-846276.1653135120000
-846250.9042027389000
-846334.4502661093000
-846386.3700873819000
-846307.4737091964000
-846266.6537574681000
-846397.1138275409000
-846473.9704391601000
-846189.8561303151000
-846348.9472777474000
-846309.1101660884000
-846189.2836764085000
-846287.9508909475000
-846252.2220956348000
-846322.6407360807000
-846195.0475783547000
-846247.6380512995000
-846366.9078844957000
-846261.7938856035000
-846282.7024792890000
-846202.6294390186000
-846250.9054152302000
-846286.1549922469000
-846316.4480277587000
-846210.3791770173000
-846330.6666738967000
-846233.8452481842000
-846088.7171859810000
-846146.5817936409000
-846387.7806217432000
-846241.9958893044000
-846288.5305972993000
-846183.6014705754000
-846200.7576002094000
-846069.4511047940000
-846211.3204994005000
-846251.8337718627000
-846196.7029730894000
-846335.3852178919000
-846257.7656233968000
-846113.2376777146000
-846240.0560615478000
-846064.5770120525000
-846118.7714114644000
-846160.5764687419000
-846098.1936460328000
-845966.9338535560000
-846078.9305573186000
-846081.5317340646000
-846092.0747961778000
-846115.3939416729000
-846040.4257186552000
-846063.9624002534000
-846130.4825845611000
-846055.8856125390000
-846059.1756306192000
-846089.7300633665000
-846219.4459434815000
-846249.1063298002000
-846230.2284207353000
-846113.2088981282000
-846118.6639269573000
-846301.2101604226000
-846254.2546342241000
-846144.2288950027000
-846205.5660640422000
-846274.7124413509000
-846128.6967209626000
-846038.6665549187000
-846034.7429110500000
-846190.2492460322000
-846174.6289738222000
-846247.6128312775000
-846262.1453494207000
-846283.6765670857000
-846286.9509586225000
-846333.7553540698000
-846397.3494971751000
-846450.5594158810000
-846368.1667409576000
-846272.3963978225000
-846316.0714292746000
-846245.0456302627000
-846412.6114722631000
-846363.6627332009000
-846265.8833297266000
-846313.4150145740000
-846272.9831476300000
-846350.9313330009000
-846337.7115702927000
-846290.0162691191000
-846055.3172099788000
-846030.9507769239000
-846106.1415074284000
-846048.1474231067000
-846090.5365557825000
-846053.7028136776000
-846015.8385204665000
-846037.0402319612000
-846085.3793870102000
-846144.3082037176000
-846009.4426507496000
-846015.0055473828000
-846101.0816637179000
-846076.4045539761000
-846237.5654875579000
-846247.5000424617000
-846160.9195157604000
-846247.7241155936000
-846352.6818367774000
-846339.0866091208000
-846453.2375843244000
-846252.0821608347000
-846126.5918642214000
-846266.6249049573000
-846120.1328172800000
-846124.5603646716000
-846260.7830438837000
-846173.4072150359000
-846033.1785642797000
-846161.2046173015000
-846249.1765250983000
-846198.2374217862000
-846251.9661074759000
-846363.0189349610000
-846235.2397129427000
-846092.8256254944000
-846072.5365706817000
-846065.2135995307000
-846144.7671817997000
-846194.4029737216000
-846265.8269404991000
-846161.6414147425000
-846189.6936833728000
-846209.7099112305000
-846281.3191181687000
-846326.4083564625000
-846261.7339350624000
-846341.5754964427000
-846183.2380709997000
-846093.4783180022000
-846175.5299147309000
-846219.8448914140000
-846082.5738581219000
-846297.0636700190000
-846185.5408850635000
-846186.5144669766000
-846163.2045253494000
-846169.8166882748000
-846200.6852849819000
-846225.8143805300000
-846223.2082904917000
-846139.2916324291000
-846129.1847760838000
-846117.3205117987000
-846193.3987195832000
-846145.8973684055000
-845955.3592117464000
-846032.2379093906000
-846118.6436452036000
-846200.0019219987000
-846098.4083690896000
-846081.5740942730000
-845908.4020354765000
-845896.4640551129000
-846014.0575205557000
-845964.4404084558000
-846081.4889567855000
-846109.6605762890000
-846055.8916618800000
-846037.7626748799000
-846131.6902279621000
-846110.9446731913000
-846213.8665156785000
-846167.7773221039000
-846368.9278065030000
-846234.9734590111000
-846097.5095158819000
-846101.6498332360000
-846128.6634516942000
-846129.8504514468000
-846058.1767411272000
-846089.8716252804000
-846122.0046448922000
-845971.8610661778000
-846059.6270741895000
-846085.2232462864000
-846044.1508106276000
-845912.1684430604000
-845963.9479723709000
-846054.7283534048000
-846026.9019336620000
-846022.1331509142000
-845986.2254509651000
-846087.9951687437000
-845952.7870724637000
-845756.9583388345000
-845925.5709642647000
-845963.2660088816000
-846025.4610227376000
-846039.9156747686000
-846007.3057542840000
-846142.1573228253000
-846256.7017618146000
-846177.3301231351000
-846068.6755088171000
-846069.4920701369000
-845997.2646852033000
-846056.9424313211000
-846011.4545962345000
-845893.1667982929000
-845946.3546192241000
-845998.7316197741000
-845983.2080602304000
-845927.9737685090000
-845851.6367056363000
-846013.5690720095000
-846058.6872737288000
-846064.5105041524000
-845957.3608088858000
-846065.0164454005000
-845962.1491128678000
-845976.0997402759000
-845900.7749521537000
-845984.3489314319000
-846043.9136477472000
-846104.0116179634000
-846228.2538594659000
-846150.4163722976000
-846115.0619048323000
-846060.5864061861000
-846065.4612231429000
-845975.2943647748000
-845978.8116503523000
-846092.9273624026000
-846103.8234354348000
-846103.1080870643000
-846152.5373899490000
-846082.1107962186000
-845961.1551571259000
-845889.6033285871000
-845887.1209905000000
-845743.0901218372000
-845886.6347138954000
-846000.7183593956000
-846087.8751762930000
-845970.8061402463000
-845947.3377880942000
-845812.5598362087000
-845776.8201783333000
-845924.3105268565000
-845903.8375465884000
-845929.7371194311000
-845985.3012976771000
-846004.1207121009000
-846087.1951769372000
-846083.4721421538000
-846204.3776463085000
-846199.6999374442000
-846140.9328723347000
-846177.7267133528000
-846230.5659277976000
-845989.0902024962000
-846188.9175051100000
-846077.8437416622000
-845999.2221631892000
-845970.8205272882000
-845901.5336259640000
-845965.9670981454000
-846033.0197192732000
-845995.6329928311000
-846010.9213523504000
-846055.7239650035000
-846017.3258362844000
-846136.6066720595000
-846016.9198353428000
-846211.5142656624000
-846080.7412566014000
-846002.9975068204000
-846100.5300092596000
-846003.2795594516000
-845931.6938722231000
-845912.1715178058000
-845896.8869778266000
-845820.3281416583000
-846045.5248721625000
-845883.3475414818000
-845941.9796773937000
-845817.3100922280000
-845804.8295740652000
-845826.8637478127000
-845863.8274856113000
-845754.4176922252000
-845844.4775774857000
-845806.6363040579000
-845887.4803792853000
-846061.1486203539000
-846084.3975887214000
-845912.5991155034000
-846065.1339418108000
-846003.9348134035000
-846038.4321633558000
-845911.5571880433000
-845959.4092311997000
-845815.1332974902000
-845988.8294123313000
-845842.6190837764000
-845939.9970356479000
-846022.3187376661000
-845802.6843268197000
-845986.7169486674000
-846070.7976251210000
-846012.7170731958000
-845945.2636767144000
-846086.3044830532000
-846113.2576884683000
-846076.3797492470000
-846058.4977984234000
-845849.1705180954000
-845887.5903641451000
-845802.4993534342000
-845707.9490281135000
-845777.8947165981000
-845795.9472936975000
-845874.8573985595000
-845891.0827083001000
-845953.3905464961000
-846057.4677488062000
-846053.9914571244000
-845995.9969754670000
-846152.9205856493000
-846139.6238194808000
-846243.8498290232000
-846090.2615616930000
-845960.4874414904000
-845990.2708014387000
-845946.9920776152000
-845940.6577898023000
-845889.3404015157000
-845956.1837253923000
-845908.3149832054000
-845833.6318645418000
-845833.8833023848000
-845985.2565629691000
-846005.9403727492000
-845910.7144146829000
-846079.2429632978000
-846043.4894291137000
-846097.6437974703000
-846120.9999689319000
-845997.3888536368000
-846129.9247451455000
-846112.5233582257000
-846106.1064815322000
-846064.1719744996000
-846155.3608304289000
-846269.7435628008000
-846098.0110265441000
-846148.5874516079000
-846200.4199513964000
-846099.3048030506000
-846092.4573341907000
-846153.3955564911000
-846115.4802645437000
-846127.7618981884000
-846064.3136585798000
-846018.8132684084000
-846032.3937454475000
-846075.2408153146000
-846083.2369079548000
-846013.7178897439000
-845953.2840727594000
-845906.7727146872000
-845813.8335249028000
-845961.5331925985000
-846001.0620484288000
-845991.4865026323000
-845998.8658927958000
-845989.5424598723000
-845854.7107413082000
-846002.1297392308000
-845992.5740024077000
-845850.2847965267000
-845869.0326524638000
-845744.8997819770000
-845756.6721325924000
-845675.6537748985000
-845803.9359594055000
-845752.1133167784000
-845807.1029532320000
-845786.4821541030000
-845731.1993609503000
-845772.4880776684000
-845600.3307956998000
-845827.8754376798000
-845858.3467473020000
-845839.0972366867000
-845730.7885277811000
-845796.2463202967000
-845852.5720853495000
-845819.4228542736000
-845802.9806294703000
-845819.3826112442000
-845803.6713084879000
-845838.2159073458000
-845932.2244776414000
-845783.7328143462000
-845806.6617450147000
-845746.2702603337000
-845670.0733861983000
-845687.3278931582000
-845610.6304199640000
-845555.5711042766000
-845725.1837427489000
-845888.3809449765000
-845849.6711137559000
-845773.4369944774000
-845797.3823786860000
-845780.4679569249000
-845822.9660625579000
-845647.3739894989000
-845663.4656888855000
-845810.2572185987000
-845725.1028685002000
-845797.3656592751000
-845805.5198924058000
-845798.8498699360000
-845741.1544975033000
-845629.7718435517000
-845533.1572932759000
-845619.8523681683000
-845704.7836154874000
-845698.8735703664000
-845700.5481715382000
-845723.2942138965000
-845720.6797639229000
-845599.6585614209000
-845681.0899494442000
-845465.6409807841000
-845532.7060889435000
-845599.9102341222000
