-908089.1384698243000
-901765.1386255970000
-896966.2072017381000
-893345.9283054802000
-890408.4935333328000
-888131.8095274188000
-886358.7641364513000
-884747.4660620267000
-883209.9231106029000
-882082.0427825964000
-880994.0526871443000
-879855.6355320772000
-878932.9920887835000
-877935.8399988264000
-877146.2959316444000
-876105.2203736886000
-875464.7704948377000
-874805.4686013757000
-874055.4015503730000
-873575.4302619260000
-872952.6275769455000
-872281.0628547130000
-871585.7998984647000
-871279.7780671392000
-870721.8297338668000
-870065.2809515154000
-869779.0468735195000
-869198.5740910603000
-868724.6386608145000
-868275.8867833219000
-867657.3621570510000
-867365.8524650993000
-866956.0049381441000
-866765.7641634154000
-866372.1618749892000
-866048.4646273704000
-865897.9609079469000
-865608.5809300095000
-865132.5213481216000
-864739.0517595736000
-864391.3338487718000
-864228.6205957833000
-863958.5032111862000
-863709.3648422135000
-863446.1732812906000
-863365.9566356520000
-863029.1338043668000
-862879.9438195071000
-862591.0232895904000
-862342.8413437217000
-862022.7353779023000
-861740.0254540887000
-861647.0270094290000
-861318.9416247755000
-861070.3358140176000
-860907.1191615319000
-860422.6790839016000
-860340.4688083200000
-860064.4221703967000
-860008.9348727955000
-859666.0267289727000
-859390.1518684514000
-859327.7001610869000
-858980.0096603100000
-858816.3243866564000
-858654.1651142811000
-858473.1460581748000
-858363.1838083863000
-858194.7809215174000
-857994.3715585978000
-857984.1664849202000
-857648.0248979618000
-857575.3122331196000
-857526.9769284172000
-857411.2748538496000
-857275.0515056420000
-857171.9367010816000
-856994.7545180968000
-856962.1099404184000
-856741.5971607266000
-856628.3447123509000
-856521.3475950335000
-856523.9997393587000
-856375.3463257339000
-856117.3253369736000
-855865.1069826239000
-855728.6434778702000
-855679.2971265552000
-855625.1413791358000
-855355.2089035433000
-855262.5489280531000
-855241.9471293743000
-855051.4128226498000
-855185.3843643215000
-855013.6395927423000
-855042.9237716033000
-854881.1786254777000
-854833.6817302627000
-854820.5034996126000
-854826.9268250250000
-854552.4817579755000
-854550.3042034963000
-854401.4621594591000
-854226.9056089494000
-854117.4025610450000
-854166.9235062324000
-854121.9494533914000
-854015.0493382433000
-853857.4752539318000
-853706.4592847127000
-853767.7649482007000
-853566.6082431922000
-853679.9581121411000
-853507.5026306696000
-853483.4602851175000
-853427.6595219932000
-853221.5757929697000
-853190.4294301862000
-853014.2298061464000
-853126.2361229538000
-852866.6081547140000
-852875.8198448358000
-852686.7722958856000
-852726.6057134366000
-852676.3113577454000
-852789.9620426592000
-852742.5210594173000
-852518.7298625750000
-852488.3957543898000
-852568.3243289343000
-852414.3423189283000
-852421.1751792616000
-852169.6439458231000
-852328.4439259521000
-852398.5945872876000
-852281.4119068987000
-852189.0240852710000
-852087.0813037556000
-852001.3342590684000
-852033.2430290437000
-851882.7932556942000
-851790.7826167495000
-851721.4687078624000
-851743.0260261592000
-851544.7923240067000
-851501.9862490847000
-851650.6528472285000
-851622.6084717583000
-851534.0195530736000
-851536.0933041322000
-851428.2777325922000
-851495.9440610978000
-851566.7743962109000
-851453.7278597811000
-851305.7077711483000
-851165.2022013910000
-851278.3738609632000
-851212.6026647721000
-851171.2058201420000
-851123.3729083894000
-851034.1933695021000
-851130.6325669065000
-851253.3520777668000
-850953.6462585673000
-850946.3460289490000
-850789.3747471243000
-850823.2396155876000
-850993.4276109180000
-850875.5937985571000
-850837.3930345314000
-850843.8437478073000
-850682.8837274913000
-850634.7579688355000
-850748.2001770732000
-850686.6902176769000
-850503.9518260836000
-850465.7377450085000
-850456.6365897764000
-850445.0194458601000
-850408.4679078963000
-850466.0425863831000
-850314.2414010693000
-850249.3797539278000
-850439.4381745294000
-850459.2967685991000
-850362.9202563170000
-850328.3165720187000
-850211.6378639336000
-850235.9759559670000
-850080.3449402238000
-850037.1992019298000
-850006.1823098633000
-849874.8109798438000
-849833.1263934200000
-849989.1637186783000
-849920.4522428982000
-849832.0193461911000
-849867.5668467068000
-849810.8057697278000
-849868.9270334699000
-849732.4979890966000
-849822.1726353035000
-849831.5233664695000
-849739.0186324256000
-849838.1599308358000
-849809.2206947193000
-849923.8092349075000
-849825.2289871094000
-849866.2723429654000
-849739.6402061933000
-849780.1142648545000
-849699.7825577267000
-849719.4622067711000
-849637.6750074530000
-849696.2786609682000
-849666.3796028696000
-849505.2218190529000
-849524.6145268778000
-849609.1282739403000
-849450.9041800201000
-849629.6409743612000
-849437.1037180829000
-849455.1965493932000
-849429.1391407290000
-849445.9344804705000
-849537.2102552502000
-849542.8842178219000
-849460.0423099138000
-849598.1498289782000
-849521.0654074332000
-849357.0648465506000
-849398.4125960864000
-849293.9196552199000
-849403.8312377065000
-849359.7171287636000
-849321.2115309730000
-849334.1100883927000
-849273.3829731424000
-849443.5792063164000
-849288.5661284879000
-849305.2365876812000
-849302.6591365176000
-849297.4087655444000
-849224.0300649578000
-849201.7166616892000
-849196.2540342404000
-849352.5892699086000
-849138.3695593160000
-849045.4515031347000
-848908.2350735714000
-849105.9428131978000
-849127.5568538982000
-849120.2263542590000
-849196.6740614014000
-849214.0765634311000
-849197.5475657207000
-849210.9403357402000
-849208.0264154327000
-849084.5571765446000
-848978.7085352209000
-849001.6450874697000
-848839.8587753776000
-848937.4694497818000
-848922.9126411608000
-848888.1063515106000
-848734.0076035074000
-848832.9347998702000
-848702.2798566621000
-848850.3911919770000
-848883.7103052874000
-848759.6785766599000
-848628.6982513345000
-848584.3342466225000
-848698.1147285249000
-848592.8180988908000
-848552.0584325406000
-848628.9848932199000
-848524.9990868447000
-848562.7879508905000
-848757.7481583752000
-848686.9890168466000
-848647.4746486539000
-848666.8529652684000
-848614.6179051846000
-848602.4532503862000
-848526.3843391564000
-848537.2969134030000
-848574.0193206128000
-848556.8732745548000
-848577.8839297435000
-848453.5442966553000
-848525.0851436399000
-848487.1411958346000
-848563.6928760997000
-848529.5325570535000
-848535.4608165423000
-848634.8387045034000
-848555.4489704510000
-848586.7362503987000
-848662.4130345412000
-848401.8271517631000
-848392.0881592205000
-848619.8753284763000
-848578.7477519016000
-848496.1226647054000
-848493.3804436612000
-848470.5998371886000
-848469.0123318124000
-848520.5526081357000
-848329.4864495677000
-848484.4693437922000
-848446.0269588791000
-848485.9735682583000
-848440.9317745244000
-848585.7013846171000
-848490.2612334994000
-848401.3560893578000
-848246.0010266474000
-848102.1879600510000
-848248.8649033237000
-848319.8038653214000
-848372.1132210600000
-848252.2984115969000
-848265.8068673573000
-848321.9685120397000
-848289.2472523073000
-848152.2585224389000
-848142.2673653823000
-847965.1077185061000
-848138.0642008783000
-848010.4565395445000
-848097.6225225885000
-848157.4255008079000
-848046.4118470219000
-848073.5783092554000
-848237.5117650728000
-848160.4069818964000
-848220.5093656443000
-848200.1303984916000
-848021.4925364978000
-848066.1912475826000
-848054.4147107624000
-848225.1386962390000
-848217.0809192865000
-848226.1007083406000
-848096.2495654414000
-848219.3253199003000
-848140.3546645300000
-848107.6021273849000
-848277.7483123639000
-848366.5759858924000
-848065.9981019816000
-848249.5485645884000
-848223.4577935501000
-848097.8421772280000
-848110.1390118625000
-848134.1236343125000
-848195.3654410220000
-848126.4950514532000
-848114.5556255960000
-848099.8239634326000
-848120.8553670048000
-847986.6204162308000
-848080.2367879418000
-848008.7373998492000
-847999.2710796213000
-847918.0239670331000
-848026.6448509468000
-848046.8554597106000
-848056.1865154677000
-847939.1111129489000
-847919.0492476999000
-847922.1022186864000
-847926.0672737620000
-847958.5008106745000
-847936.9857959872000
-847790.0735124573000
-847769.2391903421000
-847755.9290846891000
-847748.8591795855000
-847782.8540846999000
-847888.1083349830000
-847931.6106963061000
-848023.2665486557000
-847915.0114202914000
-847944.1027736636000
-847814.6008785428000
-847819.8806165410000
-847773.5512229541000
-847686.4891474281000
-847948.1584723121000
-847900.5195510192000
-847994.9931687430000
-848068.6078634766000
-847843.0289434781000
-847765.0518818658000
-847818.7908902694000
-847737.0696159506000
-847649.9293628414000
-847673.7595240517000
-847791.5449267182000
-847752.5166776954000
-847632.2497444901000
-847675.8943579482000
-847624.2761835664000
-847657.7084754489000
-847655.5059639666000
-847684.2665825718000
-847740.1009487764000
-847676.2185759663000
-847675.0709427209000
-847653.6101256497000
-847697.4772871959000
-847692.1814698995000
-847648.5121017086000
-847491.8120643024000
-847610.2610288219000
-847548.2212240242000
-847749.4389361257000
-847753.8733299712000
-847654.7982681827000
-847482.8198352089000
-847610.0599606534000
-847726.6949011947000
-847634.7287038636000
-847423.5896640348000
-847321.3816837218000
-847542.4121841325000
-847445.4721761055000
-847419.9975656345000
-847433.4560089513000
-847368.7637859827000
-847450.0776838076000
-847554.1296690182000
-847430.0507085366000
-847519.6615100855000
-847497.2377868030000
-847474.4481596164000
-847457.1100173098000
-847335.9257647195000
-847420.1425186018000
-847286.1484867783000
-847269.3107308547000
-847321.2480509933000
-847300.6744906402000
-847324.1882218270000
-847375.2738954831000
-847213.8880750709000
-847332.2882478355000
-847490.8430985928000
-847401.1890739537000
-847359.3183502619000
-847443.3271680510000
-847319.6871290837000
-847559.1393243378000
-847483.5118036119000
-847519.5522673576000
-847508.9495952103000
-847443.5296204543000
-847336.5232526716000
-847295.9687934223000
-847369.6578671854000
-847250.7574326622000
-847097.2958041305000
-847141.7900898416000
-847355.4547830217000
-847355.4919116276000
-847195.3245849512000
-847152.0150488673000
-847169.6905458765000
-847118.2967173876000
-847154.9730018943000
-847149.2119920565000
-847133.5497481430000
-847074.6496641975000
-847280.7634160783000
-847420.1759102063000
-847282.7540427780000
-847440.0012745365000
-847372.4426656591000
-847322.5096431214000
-847403.4182845079000
-847484.0164129798000
-847345.8166877264000
-847288.6055247525000
-847315.5840156996000
-847338.8722559001000
-847376.9697100421000
-847303.7358404467000
-847162.7906836650000
-847173.2323723272000
-847260.7426157368000
-847253.1128422930000
-847274.4334549692000
-847202.6982473850000
-847266.2963169694000
-847246.8981675392000
-847302.9574382356000
-847221.3073425131000
-847207.0313892189000
-847281.3789807233000
-847159.5829931567000
-847106.8069652214000
-847103.4238709470000
-847135.1790770971000
-847293.3343631758000
-847239.2141358393000
-847159.2804702590000
-847223.3842611206000
-847247.5750567920000
-847119.8506484361000
-847017.4936202226000
-847064.0250032477000
-846941.4725781450000
-846956.4485457775000
-847028.7572333397000
-846981.0119543478000
-847064.6917438713000
-847062.7051831075000
-846949.7920115856000
-846927.9599018872000
-846937.8301680085000
-846819.4487815645000
-847063.3334941866000
-847063.1435551338000
-847103.0476907726000
-846963.3159501634000
-847001.9871826157000
-847078.6654358417000
-847170.4457938420000
-847162.0707089582000
-847259.3390841015000
-847219.5931984645000
-847271.3937865227000
-847150.5489010098000
-846965.1305569306000
-846984.9415713366000
-847207.9431803133000
-846991.7665601806000
-847145.5896431955000
-847107.3939988544000
-847000.5866036899000
-847136.1882071950000
-846974.2227543894000
-847056.8621830468000
-847154.9452354274000
-847162.2359716804000
-847037.9901157295000
-846923.1105874398000
-847064.6405010708000
-847213.7365704118000
-846952.2373458830000
-847047.2281861681000
-846962.8085554434000
-847009.9935978539000
-846990.3204788405000
-846943.8412119157000
-846886.3807637147000
-846869.8148034962000
-846982.7570621390000
-847002.7056429924000
-847001.1308724199000
-846908.2610996595000
-846998.1145222972000
-846891.8112427706000
-846991.6291907801000
-847025.4019713479000
-847019.5532633100000
-847012.3620971766000
-847090.5503391041000
-847080.2988557835000
-847132.8946994218000
-847039.0134449142000
-847007.1172586539000
-847180.4204207144000
-847124.9533607545000
-847005.4805457917000
-847139.6544391176000
-847083.3225134158000
-847115.5441527528000
-847112.4122865425000
-847061.5619081130000
-847063.2253356471000
-846939.6974738509000
-846903.6772471284000
-846852.2691755403000
-846929.0417497772000
-846883.6718199038000
-846947.9181821905000
-846966.5485678659000
-846944.7031033848000
-846848.6688530910000
-846842.0689131032000
-847001.7001847981000
-846980.6567333373000
-846890.8607356735000
-846901.8292490657000
-846965.4050476584000
-846891.2645992803000
-846884.4323416820000
-846961.1607984664000
-846863.2040457906000
-846782.2212621915000
-846884.4770407162000
-846827.2440243537000
-846871.7821034663000
-846718.2831433502000
-846802.1915345595000
-846803.5134530654000
-846810.5355065257000
-846732.1711713566000
-846793.3602764904000
-846866.1984867726000
-846739.4109457035000
-846719.3229481768000
-846770.5080888801000
-846675.9704399746000
-846545.6783919915000
-846568.5464504068000
-846732.4313356869000
-846656.0066882368000
-846597.3900106520000
-846642.6022735340000
-846687.2857509819000
-846696.1642888805000
-846732.5875741678000
-846683.9982669147000
-846776.1117111903000
-846778.7681679254000
-846754.4669793163000
-846609.7616766848000
-846802.6769331741000
-846743.7026341402000
-846669.6381738558000
-846728.3439948196000
-846610.4224664156000
-846755.3403281112000
-846651.7512580500000
-846784.8859566456000
-846726.6110416697000
-846764.1289617339000
-846689.0756514517000
-846614.8210649589000
-846817.6926381193000
-846568.1360356931000
-846654.4570717613000
-846654.4328089196000
-846579.0383415939000
-846660.8636440418000
-846891.8132869703000
-846701.4759398722000
-846722.3673727408000
-846830.9606515580000
-846725.1250659174000
-846794.4863278964000
-846767.5457709475000
-846718.5499468807000
-846845.4554267712000
-846731.2888919747000
-846594.5987546876000
-846554.4353902271000
-846627.0910706094000
-846618.2139448762000
-846552.6118663659000
-846573.0889431431000
-846527.1360788554000
-846726.1650414130000
-846655.5754263423000
-846672.1013170938000
-846785.2749013038000
-846860.6582226937000
-846903.7872664499000
-846937.8961670696000
-846779.1968689203000
-846821.9338317852000
-846864.3371570645000
-847002.4634231930000
-846799.1721198170000
-846730.2011317776000
-846777.5800525921000
-846804.6932971820000
-846898.2197525066000
-846940.9789004879000
-846993.6295299035000
-846998.8828734601000
-847069.2948960849000
-846807.3709041991000
-846870.1254388456000
-846895.9849330251000
-846735.8176098780000
-846812.2089905599000
-846580.4452518151000
-846642.7977540573000
-846674.8622895179000
-846784.3224207497000
-846789.1946674911000
-846744.0854875514000
-846577.0167556125000
-846657.1577256307000
-846667.1728047421000
-846597.8187173553000
-846527.3900416677000
-846484.2194075711000
-846547.2403772280000
-846477.4877338415000
-846433.2736192356000
-846449.3431932783000
-846660.0888756791000
-846696.9134584937000
-846497.7825632106000
-846579.2784719688000
-846501.5745558560000
-846524.7646537845000
-846598.7628258965000
-846689.2925101250000
-846698.6819516614000
-846626.5997651751000
-846626.6000495808000
-846532.5978709464000
-846567.7458804897000
-846564.6070080701000
-846475.1571979291000
-846603.4155831309000
-846542.5450658747000
-846529.8802469850000
-846410.7122092042000
-846511.9993464012000
-846502.2772504328000
-846494.5833061548000
-846481.0881503811000
-846291.3068696156000
-846324.1065407510000
-846400.5287666318000
-846422.5463971089000
-846403.5248993065000
-846411.2629060518000
-846239.6909097538000
-846295.6377040097000
-846376.5527608957000
-846327.4208298655000
-846388.9516872555000
-846501.0111246370000
-846430.6171434778000
-846359.7423931408000
-846475.6807128134000
-846537.2172476618000
-846528.9918230487000
-846566.8176609009000
-846300.1834097299000
-846415.0859661300000
-846427.5598529616000
-846552.2473287752000
-846548.0548872334000
-846502.7755047227000
-846499.5895774062000
-846456.8544263277000
-846498.2915156625000
-846575.9430038803000
-846545.1040673916000
-846399.3618067848000
-846282.3455643432000
-846288.0422067993000
-846338.8864993639000
-846307.7501506078000
-846371.5304767817000
-846246.7230659422000
-846316.9494287927000
-846277.0846383298000
-846304.7083730593000
-846324.0957534715000
-846325.9699078249000
-846385.8332342570000
-846417.9135670782000
-846441.5878077007000
-846601.8919340172000
-846611.1856135981000
-846808.5574169282000
-846642.6520428405000
-846516.0884208899000
-846509.3797370654000
-846507.8589242379000
-846577.0399530414000
-846462.9455569399000
-846542.5476452428000
-846447.1281002597000
-846415.7096071925000
-846304.8096505924000
-846339.1434266706000
-846416.8416885539000
-846537.4601385726000
-846473.8680147598000
-846447.7376053245000
-846509.2596819184000
-846539.2796307362000
-846501.3070827351000
-846450.0607430148000
-846502.7915644125000
-846331.2287994399000
-846522.2059061590000
-846473.2251989068000
-846505.8644892220000
-846442.2703506777000
-846545.9506184672000
-846647.4914807053000
-846535.3803997805000
-846630.1628824400000
-846505.1325310228000
-846540.5319346825000
-846558.8378931953000
-846589.8945835000000
-846482.2161527230000
-846420.1773423124000
-846510.7067351920000
-846535.4882938043000
-846468.5814387299000
-846479.8009431101000
-846486.5823779128000
-846496.8926821612000
-846555.3887599611000
-846504.1331370387000
-846579.8266700965000
-846478.3543995117000
-846577.8384087680000
-846451.3260497106000
-846443.3374353478000
-846386.0884464767000
-846489.9997475496000
-846471.1356599308000
-846578.4015037741000
-846361.4788393170000
-846431.1746463178000
-846416.2463071346000
-846441.1865858102000
-846459.1224958139000
-846500.7433075908000
-846409.5153902101000
-846554.1221006006000
-846606.3054803254000
-846554.7850265838000
-846529.0735138776000
-846449.7460750894000
-846550.6478025673000
-846470.6223001638000
-846496.8087215732000
-846558.1313460615000
-846573.8888430897000
-846662.5098216451000
-846538.1641523520000
-846630.8726447935000
-846640.2824412336000
-846722.7127618073000
-846662.0166196936000
-846598.3012471567000
-846469.8454609173000
-846411.0882749787000
-846374.8169398508000
-846454.0625565532000
-846400.4395925329000
-846413.8477431011000
-846525.5032766105000
-846640.6877459309000
-846458.6366970644000
-846482.6318002350000
-846452.5409653708000
-846491.6867414822000
-846372.2542522822000
-846537.8996931494000
-846523.4101575803000
-846458.9487574181000
-846462.6488485057000
-846396.1134666870000
-846484.6086753660000
-846711.0573394786000
-846560.0820065391000
-846579.8585236574000
-846621.0336860331000
-846412.0221732488000
-846424.2396459788000
-846437.8746007694000
-846441.8636683585000
-846336.7333110934000
-846570.5141816548000
-846596.9358228192000
-846327.9344038389000
-846434.4658780288000
-846411.6822780829000
-846452.3524487520000
-846486.2589905754000
-846366.0477453936000
-846517.6892286784000
-846522.6913639792000
-846504.0229947158000
-846417.3781280874000
-846614.8170547999000
-846438.8570205831000
-846388.4208280224000
-846442.1707658418000
-846646.8904591003000
-846487.5517422085000
-846471.0414655730000
-846431.3589922431000
-846459.8064898455000
-846458.9632668347000
-846537.1999203100000
-846480.5133128021000
-846425.1208567378000
-846418.3924762779000
-846640.5089397208000
-846694.7735453207000
-846459.3376718239000
-846570.4757142991000
-846551.1892701304000
-846518.0518066919000
-846392.0547578017000
-846294.6757411530000
-846462.3912999772000
-846386.5716742790000
-846369.3131033143000
-846347.7635629330000
-846371.4681885611000
-846163.7276216030000
-846184.3474096514000
-846238.1800162684000
-846365.0830533495000
-846338.7708285208000
-846189.4708943719000
-846147.8840620725000
-846324.3815058324000
-846298.8007796345000
-846241.9197805371000
-846182.6832788936000
-846149.2537631020000
-846336.5832732336000
-846210.7293220544000
-846343.1232292766000
-846292.8043850866000
-846213.7765308251000
-846286.0161586629000
-846287.9251073875000
-846273.0536444222000
-846278.3131819739000
-846253.0173307167000
-846409.9606335570000
-846309.4975909516000
-846380.0596323049000
-846303.7474556885000
-846273.8622576180000
-846345.2673188053000
-846262.4598439827000
-846296.3020384958000
-846370.0943105279000
-846338.1028794582000
-846284.3377013641000
-846394.8515255968000
-846398.1287367997000
-846375.9690014620000
-846270.8118799053000
-846231.6614755536000
-846312.8104270938000
-846296.0486749475000
-846302.5177746151000
-846251.6638742143000
-846444.6973260469000
-846398.0554656717000
-846372.2055404720000
-846304.2213861794000
-846318.3662020576000
-846405.8776534115000
-846415.6818779331000
-846494.5354863991000
-846475.8687677449000
-846272.0434634447000
-846417.1018389487000
-846374.2551746016000
-846213.1806511453000
-846210.2820614041000
-846290.1532609091000
-846273.8667494403000
-846335.3243198721000
-846332.2143281585000
-846293.8534516094000
-846253.8854812224000
-846314.4188783728000
-846254.4221104670000
-846237.6105944361000
-846361.2094217411000
-846367.4671808218000
-846264.0409918324000
-846294.4302019146000
-846316.9698824856000
-846175.6608956555000
-846139.1731327368000
-846147.3012737940000
-846197.3131386247000
-846171.9664249200000
-846199.3794977675000
-846221.9706090799000
-846227.2466111132000
-846188.1244436998000
-846161.1732336244000
-846243.2019776055000
-846204.4536182672000
-846257.5208957924000
-846160.0142492389000
-846221.5194220527000
-846251.7854699688000
-846248.1868551115000
-846295.8318113843000
-846228.5425162175000
-846233.0307272347000
-846090.1265110270000
-846108.5114509182000
-846149.7011375354000
-846307.9773524215000
-846194.6629648262000
-846269.3554500908000
-846336.6082364363000
-846304.5994307204000
-846250.3875037403000
-846236.4404307501000
-846153.8928327074000
-846204.1822127311000
-846184.8680790996000
-846117.0018931545000
-846190.1761022893000
-846047.3437440530000
-846284.6455058852000
-846426.3887292411000
-846378.6594540275000
-846195.2451059150000
-846166.3938464423000
-846249.3761006944000
-846251.4034753467000
-846264.6954377134000
-846321.1431778021000
-846342.3372404708000
-846291.2633766694000
-846317.3862996756000
-846320.7202706094000
-846319.3638128351000
-846502.2420278760000
-846250.8915394017000
-846232.5792902783000
-846261.8779195412000
-846283.9181675854000
-846284.8048495834000
-846262.2149319240000
-846306.8691404368000
-846236.0894425305000
-846293.7625208907000
-846425.1464448789000
-846256.7100619315000
-846273.4363601026000
-846409.4950791597000
-846456.3182802028000
-846248.0529346360000
-846278.9191686204000
-846307.9492291556000
-846244.9920478989000
-846371.1016589679000
-846310.8300821280000
-846237.4693594300000
-846173.0132931169000
-846142.2461739251000
-846271.0756195285000
-846361.4560933340000
-846290.1126559941000
-846406.6040297957000
-846325.4715989218000
-846122.2601515057000
-846100.9234894532000
-846064.0985898301000
-846062.9499894488000
-846102.7500512988000
-846269.5934414597000
-846195.4551401227000
-846218.0398579260000
-846225.6074037687000
-846418.1785563111000
-846419.9058616641000
-846232.1146335909000
-846222.0737919050000
-846138.5214087185000
-846257.2897629597000
-846323.4587310924000
-846292.8151957644000
-846284.6495026763000
-846236.8085871304000
-846263.1136334392000
-846374.8651571817000
-846273.8607297342000
-846255.8951316543000
-846406.8500834857000
-846261.6327785699000
-846211.5767360309000
-846371.7470142990000
-846355.8699559822000
-846343.0872513530000
-846538.9339421488000
-846416.2601137392000
