-908190.2215466920000
-901743.1064770997000
-896869.6140591732000
-893061.5623629233000
-890313.8430411055000
-887945.3329933892000
-885989.1713270192000
-884481.9117620414000
-883049.3566349449000
-881650.6287088580000
-880236.8183750807000
-878989.4154238668000
-877927.7459631750000
-876939.0670534590000
-875963.1499214500000
-875189.1191377351000
-874520.4422137354000
-873660.8648692041000
-873066.3842033792000
-872327.4679766039000
-871713.7279650073000
-871014.2792872912000
-870548.4038010325000
-869954.1214562841000
-869476.8812098417000
-868934.3452640562000
-868567.7251965648000
-868125.6305443618000
-867814.7465472335000
-867332.0682997373000
-866904.3659303566000
-866532.3365239807000
-866154.9361761237000
-865903.8683876653000
-865428.2577604377000
-865202.2046057322000
-864837.5036585944000
-864570.1688230201000
-864310.6982527273000
-863964.1554287199000
-863696.1322095464000
-863226.6872179662000
-862936.2698149112000
-862748.7653401816000
-862642.9405384806000
-862382.2606937477000
-862057.2013246294000
-861893.7998552275000
-861698.7731502661000
-861496.6556163244000
-861223.7490834438000
-861009.8826238500000
-860642.2072628788000
-860413.5926082905000
-860262.3654564229000
-860230.4490437474000
-860074.7541225630000
-859625.7119991528000
-859410.9168375039000
-859365.9965786568000
-859097.1906853309000
-858984.9060342987000
-858683.8140564646000
-858578.3983109139000
-858488.0881451117000
-858221.3692113880000
-858128.6223745141000
-858058.4798891008000
-857840.2712838262000
-857755.9892076646000
-857569.6182825823000
-857503.3656465465000
-857380.8129187389000
-857096.0249360193000
-857165.7668305046000
-856988.0559471782000
-857009.8484520676000
-856645.3086329756000
-856509.3609927390000
-856579.6030878511000
-856426.8832632700000
-856241.6438390035000
-856065.5496824410000
-855942.4027685866000
-855942.6178127112000
-855839.9902599553000
-855736.9115302585000
-855728.5468506870000
-855575.4306072984000
-855454.6615655689000
-855399.8357242150000
-855264.9965491991000
-855151.6678388311000
-855088.6311483210000
-854991.7979801398000
-854940.4421165949000
-854739.3215747279000
-854624.8752510132000
-854502.8196616959000
-854399.1377161904000
-854391.8489264909000
-854389.1873058863000
-854223.1124329227000
-854012.9148687250000
-854048.8414612169000
-853823.3048590953000
-853868.8013556998000
-853789.4421560719000
-853708.6940290219000
-853733.2306375649000
-853515.7468714732000
-853413.2990455027000
-853347.2628073222000
-853288.2701204923000
-853208.2541221773000
-853340.5665462286000
-853153.5875373977000
-853218.9834853051000
-852999.8008566991000
-852953.4550792405000
-853060.5757094449000
-852842.3891110239000
-852834.0887402652000
-852774.4307516529000
-852606.4190120721000
-852662.1561505676000
-852400.0033858614000
-852535.6853460096000
-852349.7016705237000
-852296.1213941338000
-852244.8312443580000
-852191.9768991779000
-852023.8301391640000
-852178.3010351806000
-852202.7728371589000
-851961.4188664372000
-851917.6720241875000
-851971.6267654288000
-851914.5924564638000
-851718.2151086268000
-851652.6756952568000
-851593.3942929990000
-851487.9664078702000
-851416.1357125270000
-851431.0435188788000
-851259.5355670697000
-851374.0858104259000
-851258.4013815554000
-851174.2364735556000
-851011.7831852303000
-851216.8323971237000
-850954.5963838043000
-851146.4026107959000
-851074.0694292713000
-850960.8203251078000
-851140.4347687466000
-851015.7045955150000
-850914.4958602210000
-850765.1346301932000
-850740.0194391621000
-850757.8936884490000
-850826.1745899098000
-850842.4576192148000
-850790.0888646767000
-850831.7446995860000
-850798.8150361215000
-850765.9283587980000
-850646.2022222457000
-850608.2858840964000
-850525.9238998424000
-850563.6581770298000
-850461.9541338403000
-850362.9877388851000
-850370.2894998568000
-850351.7389421011000
-850193.6878419090000
-850136.0351116521000
-850196.2375230703000
-850141.6343438503000
-850033.1273979633000
-849964.5347036655000
-849846.2226892591000
-849977.1019412972000
-849833.6854654249000
-849829.8493872925000
-849704.8448765409000
-849668.5982311675000
-849628.3173530754000
-849652.9880433630000
-849730.5511649520000
-849651.7176295654000
-849724.7260656927000
-849559.0035597986000
-849643.2680781517000
-849538.1737053911000
-849688.8279683661000
-849656.1074007639000
-849670.7316525434000
-849656.0323774923000
-849495.9406539050000
-849309.1345448127000
-849329.5238148491000
-849448.3997871600000
-849340.0983353897000
-849436.9041085462000
-849413.1982268114000
-849406.1037608627000
-849425.5232895464000
-849263.3980246690000
-849309.9546385142000
-849237.0553396090000
-849211.1742104881000
-849266.0241420768000
-849191.0216914230000
-849033.2312041519000
-848990.3749958059000
-849031.4209284025000
-849068.9747987051000
-849123.0489205585000
-848965.3643419344000
-849000.2759400390000
-848935.7166210772000
-848816.4470307677000
-848890.0170578698000
-848815.8100203787000
-848909.7002933825000
-848886.3874001997000
-848880.4431424909000
-848784.1254511477000
-848602.5725596014000
-848556.1179223746000
-848638.8058328067000
-848657.4409399562000
-848620.9031588310000
-848650.2207314742000
-848659.4948733257000
-848624.9076340381000
-848532.7983424406000
-848542.1672241448000
-848564.1815663440000
-848602.7112098193000
-848430.2464554952000
-848421.0374616920000
-848510.5355212981000
-848449.3170506036000
-848545.3100623185000
-848570.7350689358000
-848496.6276754782000
-848550.1165452370000
-848474.9136404000000
-848472.1734254558000
-848514.7279154033000
-848335.8319548041000
-848407.9386197781000
-848383.8218823689000
-848405.7615820754000
-848460.5070707509000
-848327.1635886601000
-848345.7298721025000
-848360.9909550463000
-848302.6321584857000
-848392.7625194770000
-848311.5529995236000
-848384.1434186883000
-848380.0215104659000
-848317.5029311231000
-848344.8322626337000
-848340.7231377308000
-848184.2975548542000
-848152.9658513619000
-848167.4105689562000
-848160.0750577741000
-848257.7950857185000
-848186.4651816634000
-848135.0586877664000
-848126.2160629018000
-847969.9675917308000
-848187.7327116799000
-848037.8728853575000
-848021.8127535047000
-848041.9562219816000
-847980.8129584045000
-848053.5092191425000
-847954.0886910143000
-848050.1320691963000
-848056.2067850198000
-848013.5513541797000
-847953.0369085142000
-847842.4621404951000
-847808.6736069776000
-847926.5733571004000
-847875.6032689150000
-847817.4199182376000
-847931.9229411585000
-847904.6063230621000
-847829.7689994052000
-847859.0169060389000
-847847.6907547567000
-847796.5812389551000
-847811.5503160395000
-847831.5237362776000
-847727.6709515449000
-847758.3801449172000
-847771.6166024999000
-847743.7852375417000
-847748.3581684693000
-847831.0363178542000
-847760.7756363720000
-847680.6804510924000
-847581.2681012976000
-847663.4232372403000
-847596.0511840435000
-847716.5224932284000
-847719.5051307931000
-847612.4180461685000
-847377.5213407180000
-847495.9509876537000
-847555.7779351434000
-847449.5641116753000
-847436.1633581894000
-847464.2146762382000
-847383.1517611100000
-847462.9382685120000
-847345.3708657327000
-847338.2354710702000
-847413.3006242814000
-847214.2944733140000
-847290.2815908231000
-847389.1221098801000
-847354.7398574902000
-847400.6471263489000
-847398.8488610735000
-847444.1196095711000
-847522.8017723261000
-847191.8817319050000
-847284.2129078793000
-847418.7957381574000
-847305.7108471831000
-847365.7654039214000
-847347.7888031991000
-847222.0030279192000
-847219.4642286479000
-847227.2147409834000
-847161.9565582833000
-847271.0632691620000
-847302.2605413623000
-847289.6572625380000
-847360.0228042795000
-847453.4700900097000
-847339.4384203594000
-847298.7947325711000
-847292.4478572204000
-847457.1839763570000
-847259.0954917381000
-847439.8278096276000
-847389.5950962910000
-847331.6862738221000
-847385.5178156936000
-847297.7795823191000
-847376.3397734752000
-847290.2452125569000
-847219.2241277663000
-847317.9312299120000
-847252.5650863628000
-847280.9174810105000
-847380.0416762120000
-847420.5500689574000
-847307.8027594009000
-847267.0995464067000
-847357.7138466660000
-847366.6195744016000
-847309.3263573181000
-847341.7163247301000
-847440.9042515650000
-847482.3121475911000
-847434.2169299339000
-847351.6584984136000
-847279.3461623378000
-847287.0660124471000
-847189.8450033214000
-847236.2575443686000
-847079.9466084745000
-847215.8683580316000
-847301.0863639617000
-847312.0609043124000
-847167.4935717367000
-847120.5645270546000
-847218.1378613226000
-846981.9994026173000
-847063.1190808364000
-847111.6041166710000
-847247.6099088563000
-847142.7276723182000
-847138.6334208875000
-847127.2900050358000
-847154.8016736831000
-847045.9693546209000
-847098.0884759533000
-847027.3289310086000
-846969.8240949666000
-847072.9310797474000
-847070.9478880375000
-847020.4636815927000
-847035.4440519980000
-847072.8469571082000
-847022.6261881703000
-847027.6352580278000
-846903.5674037272000
-847060.5192233738000
-847091.8251052780000
-847215.4742155741000
-847037.3037444493000
-847091.3858268772000
-847138.7141207838000
-847202.3375948922000
-847102.8876479357000
-847017.8582366526000
-847128.0669033661000
-847122.6044274593000
-847084.5365304883000
-847149.1452528577000
-847150.4664207957000
-847106.7753529585000
-846994.0621657271000
-847225.6401148173000
-847177.3470172653000
-847135.3581289791000
-847157.6951479473000
-847006.5596229435000
-846912.9175196887000
-846791.0976095770000
-846816.0181095898000
-846827.7945098719000
-846902.7079799296000
-846856.1816107954000
-846912.1068780439000
-847129.4241138602000
-847105.3217324476000
-847152.5422049785000
-847218.4999131988000
-847166.0856084772000
-847237.4759002557000
-847160.7506051923000
-846933.4546112231000
-846985.8341066388000
-846992.8073870183000
-846996.9668687145000
-847050.0303230821000
-847122.6605730301000
-847091.5143995229000
-847006.5811925649000
-847088.1486422326000
-846929.3132265830000
-847059.7255378305000
-846991.2657298512000
-846999.8473712908000
-847052.9436058865000
-846943.4459174105000
-847055.3168291295000
-847308.2443511087000
-847187.8913046098000
-847175.9003534722000
-847077.8258792985000
-847079.9067318692000
-847138.2073796028000
-846907.4022897164000
-847022.4981963459000
-847061.3849116266000
-847228.4977295050000
-847131.6791766376000
-847127.2864879780000
-847002.0154600871000
-847055.0182604842000
-846870.6227234084000
-846911.8176028347000
-846960.4765883862000
-846962.7557030510000
-847196.2696386684000
-847145.1321990767000
-846992.0002964393000
-847138.5283551760000
-846960.5330619223000
-846929.6784571822000
-847066.3492681656000
-846872.2424960130000
-846821.2654257700000
-846826.5409556531000
-846910.2700143831000
-846824.3423306675000
-846686.0640519448000
-846848.2734270516000
-846989.1282107158000
-846899.6212844237000
-846979.9895791742000
-846990.1914966770000
-846936.9427432624000
-846998.2207628848000
-846912.8260541201000
-846800.0225561480000
-846859.1944428098000
-846753.7027292262000
-846867.3226955723000
-846934.1079647563000
-846953.7520229710000
-846777.3181510536000
-846989.2081583228000
-846896.2709083095000
-846931.5236648230000
-846976.2155640558000
-847047.7824746685000
-846873.1277151695000
-846856.4241141574000
-846874.3042876426000
-846774.5251585841000
-846912.9391581188000
-846931.7133313748000
-846828.2441581826000
-846763.1695512651000
-846717.6545495448000
-846701.9113326741000
-846668.5811316294000
-846828.2382912001000
-846681.9197894867000
-846785.4319700280000
-846623.2118674723000
-846734.9238751520000
-846874.7625316402000
-846799.9975122028000
-846817.1467545241000
-846770.3013458860000
-846666.6885201284000
-846652.0245740880000
-846674.8198152273000
-846739.3271141931000
-846726.9841002132000
-846680.9264839632000
-846676.1223878921000
-846601.6693935745000
-846680.6689989615000
-846738.2371880673000
-846782.0735053397000
-846888.7831839789000
-846745.1048586232000
-846567.6227020810000
-846650.4917378054000
-846572.9566448571000
-846566.8637007754000
-846614.6621410721000
-846693.4914306350000
-846715.2993030316000
-846732.9745987830000
-846701.1171426079000
-846591.2690153137000
-846517.5399351715000
-846789.7564166571000
-846680.9529151020000
-846624.6593476712000
-846545.5907347330000
-846578.2845790668000
-846713.1949163998000
-846706.1942740134000
-846782.0543510709000
-846779.5151703376000
-846740.4155042992000
-846788.6910590600000
-846755.8456584805000
-846774.3628398611000
-846736.0008779045000
-846753.6550242116000
-846706.6985292219000
-846792.5050936835000
-846608.2684472622000
-846781.9583519966000
-846755.2550881895000
-846769.7512031920000
-846635.9064865592000
-846540.2302511202000
-846698.0367695758000
-846630.4501678336000
-846729.1189911331000
-846733.0977628698000
-846667.1262311359000
-846614.4573616046000
-846629.5566857267000
-846740.7808154026000
-846854.4297927382000
-846724.2685592314000
-846754.1851642800000
-846578.0375809270000
-846727.6011765872000
-846778.4501366752000
-846678.8421871825000
-846911.6879039414000
-846923.7534947309000
-846841.5466612842000
-847016.0194336050000
-846994.6317512237000
-846943.4165701930000
-846927.9164068608000
-846720.1392266027000
-846746.5853312018000
-846879.4473611740000
-846883.8589651416000
-846761.8706593576000
-846755.3052760074000
-846724.5671786657000
-846710.2283744161000
-846770.3839796168000
-846713.6234809342000
-846759.9183214696000
-846675.8320679513000
-846600.1915931430000
-846471.0365951202000
-846518.9335056394000
-846628.2591732192000
-846638.6279780964000
-846536.5688066015000
-846582.1855498053000
-846539.3618785735000
-846596.6903380534000
-846541.4910453239000
-846493.6187761142000
-846477.0726681745000
-846588.8480679605000
-846695.0805326670000
-846543.9597063794000
-846789.6369491860000
-846890.7222008798000
-846652.9552784645000
-846669.8117112678000
-846687.8917813079000
-846676.0362987352000
-846644.6048224027000
-846722.1201386605000
-846738.3520687732000
-846780.3869835909000
-846791.0315277594000
-846703.8764009534000
-846694.2562387818000
-846789.0815880690000
-846810.4076181207000
-846655.8987696281000
-846573.0787774940000
-846811.3604904383000
-846779.7159965335000
-846783.6797056326000
-846624.7732682389000
-846522.4590399854000
-846511.8657142090000
-846705.9820543115000
-846675.5383874475000
-846650.2628439759000
-846487.1846186131000
-846647.8009625159000
-846645.1886953522000
-846644.3759270721000
-846587.9482664771000
-846524.9026861630000
-846626.2894683272000
-846533.2119190412000
-846669.8548170256000
-846537.6371002297000
-846492.1321952333000
-846598.1676533129000
-846360.3309121408000
-846367.9474394603000
-846495.0225918076000
-846584.5194405988000
-846562.0208750378000
-846527.1370746746000
-846348.5256978171000
-846398.3745203501000
-846465.8965522730000
-846499.6354928652000
-846523.6755799243000
-846563.9870458580000
-846553.0345600718000
-846575.3851860731000
-846554.4097699536000
-846736.3275844377000
-846596.3929073947000
-846606.4826220090000
-846511.5644472637000
-846382.7234854242000
-846436.4629424562000
-846352.1080686412000
-846383.2179473684000
-846384.4537790956000
-846442.8680584298000
-846487.4336816507000
-846532.8482371183000
-846465.2802699913000
-846580.6775185254000
-846443.4984469719000
-846655.1087761011000
-846733.5102358052000
-846699.4435109266000
-846626.5283044116000
-846676.5029548102000
-846572.9940070766000
-846484.7622346025000
-846391.8898218952000
-846369.1261681109000
-846458.5895209885000
-846604.6142207213000
-846577.2849351448000
-846666.7546092026000
-846618.6416138072000
-846478.8824159433000
-846560.4081704132000
-846659.6661754757000
-846508.2539139430000
-846388.0529768713000
-846427.3999107169000
-846578.6417449352000
-846505.7474923659000
-846466.4946169180000
-846473.0022083208000
-846480.5728135454000
-846448.9993016251000
-846393.7960424577000
-846279.3098843417000
-846344.2957634996000
-846282.5017050547000
-846363.4620006172000
-846309.7058161842000
-846400.1601422698000
-846294.2015811894000
-846265.1087251246000
-846241.9420951044000
-846211.7924883985000
-846437.5012139828000
-846319.3643846583000
-846314.2662774865000
-846257.1084510084000
-846285.2239296727000
-846331.0093754819000
-846225.9233693348000
-846211.6237954109000
-846243.5321391876000
-846253.7775515585000
-846435.8531235687000
-846332.6992886408000
-846187.8573164765000
-846200.4143247941000
-846226.7081233908000
-846219.8761165667000
-846215.0035642871000
-846229.8776084577000
-846286.2660547667000
-846155.9503384397000
-846367.2289515061000
-846209.5006445330000
-846353.3634791960000
-846337.1732848918000
-846369.2576716491000
-846447.3822730187000
-846408.8999480021000
-846171.0306607008000
-846462.6614255715000
-846241.4252985687000
-846308.4116661700000
-846317.4897388289000
-846351.0830131024000
-846338.7371100901000
-846397.8695983399000
-846285.6343197102000
-846145.5722873228000
-845993.7177300658000
-846064.8291458270000
-846080.5686183141000
-846191.3467153333000
-846181.8413721239000
-846227.1407772934000
-846032.8948578695000
-846142.0920171784000
-846057.2934124507000
-846052.6967589821000
-846220.2553513175000
-846168.1840458732000
-846195.2365955161000
-846326.6059020486000
-846328.5606610767000
-846097.7759533583000
-846246.3592389714000
-846300.1738389842000
-846251.8207759197000
-846251.9150076618000
-846258.8769148574000
-846231.0409983238000
-846346.1222652072000
-846207.3338854960000
-846267.8392030165000
-846276.9308398291000
-846250.7012931929000
-846097.1345765754000
-846111.6310257922000
-846183.4572341210000
-846155.0499920233000
-846081.9689854978000
-846076.7283749150000
-846142.0987203508000
-846248.8144149397000
-846095.4002458843000
-846222.5287015052000
-846279.4585665035000
-846097.4093366012000
-846180.6978133162000
-846165.2078596724000
-846090.6118291250000
-846158.4820220317000
-846055.9737496654000
-846133.8133704886000
-846124.9340124186000
-846170.0011753450000
-846141.5051339668000
-846141.5462201324000
-846155.6852291464000
-846229.9055775313000
-846287.6687694958000
-846368.0898163016000
-846243.6109883887000
-846267.1017978617000
-846160.5095672002000
-846078.6649402629000
-846057.9616875903000
-846164.3225107240000
-845977.3968584095000
-846025.6634089134000
-846100.1793456323000
-846082.6434034350000
-846031.7871794114000
-846080.3382348549000
-846241.4845828174000
-846220.0911445491000
-846147.1675692614000
-846319.9610242678000
-846292.6413058883000
-846216.3281560828000
-846056.6397624342000
-846212.9109606092000
-846079.8698733245000
-846088.9801968052000
-846083.6898450628000
-846329.9219491397000
-846286.7407673962000
-846313.3675142359000
-846288.2651760959000
-846033.7354070172000
-846199.0687858876000
-846207.3300039694000
-846180.8075877583000
-846317.0944271656000
-846281.3501780165000
-846383.2156060352000
-846245.6624945698000
-846135.5177101563000
-846272.2672953565000
-846214.2007707830000
-846188.1347328924000
-846225.3365439170000
-846165.9351845988000
-846149.1447082772000
-846332.4738370280000
-846199.7315666701000
-846095.1471871200000
-846231.6081945687000
-846207.7029962497000
-846143.3490249354000
-846271.0164809871000
-846199.2927483000000
-846169.9971981248000
-846183.8427078692000
-846110.0035515481000
-846197.0946911225000
-846267.1369570404000
-846246.9893032692000
-846297.8463018610000
-846216.7087894666000
-846170.4696139507000
-846393.9002104639000
-846431.0127134118000
-846344.8076646181000
-846300.7759166497000
-846258.2345242996000
-846250.4045901019000
-846275.1451824307000
-846215.2312771183000
-846253.7822068804000
-846309.0709144283000
-846233.8186149508000
-846269.2709789538000
-846238.5602060932000
-846162.0472550169000
-846157.2944901687000
-846232.7466188716000
-846098.6356911707000
-846133.7293729386000
-846148.7878440518000
-846123.3509675727000
-846030.8708303858000
-846139.0916124763000
-846095.8135111344000
-846204.3635576550000
-846216.0749004694000
-846220.6246177444000
-846126.0430403916000
-846215.0035955647000
-846230.6952480766000
-846144.9482901614000
-846142.2750274943000
-846107.6108306164000
-846281.0098487859000
-846278.1063143375000
-846167.9760477017000
-846080.2152144670000
-846129.6505100525000
-846113.5043247066000
-845990.9128493583000
-846165.1402602203000
-846217.0298460895000
-846080.3713046631000
-846003.3293341158000
-846088.2459346394000
-846151.4452571818000
-845990.1258200249000
-846040.4921019499000
-846042.9869150765000
-846012.5004580427000
-846009.5601554412000
-845989.3007161630000
-845995.9314358133000
-845945.3336748620000
-846012.3981601555000
-846008.1393933743000
-845839.9196531548000
-845894.6088710752000
-845985.5660452290000
-845907.7196707854000
-845949.4299370319000
-845873.8164713372000
-845846.9437030468000
-845748.2669417216000
-845923.3600573116000
-845918.6642193863000
-845923.5017813043000
-846017.2060290793000
-845940.4726588101000
-845982.1485905283000
-845834.8424236875000
-845885.6440436188000
-846000.7093185412000
-846077.8647570906000
-846168.8760646230000
-846170.7176339554000
-846099.0108725345000
-846066.7998364862000
-845738.3526708230000
-845923.0499291943000
-845941.4667478569000
-846029.6385179306000
-845979.2506737814000
-845963.2082220421000
-845988.2111629355000
-846044.1339484100000
-845926.2990934441000
-846005.3703966709000
-846049.6682261667000
-846076.2923720304000
-846041.9469615972000
-845963.9807241643000
-846019.1635940810000
-845989.0471191491000
-845938.2565751722000
-846000.2871133378000
-846044.3021662778000
-845938.5642920984000
-846103.0237636637000
-845930.5312376228000
-845960.8237818684000
-846086.5979843227000
-845886.8768614940000
-845912.5694097166000
-845899.9731257661000
-846004.6757361045000
-845985.6524200272000
-845859.8668362092000
-845825.3584912856000
-845923.7488904100000
-846049.9367759922000
-846054.1840015213000
-845895.9824213302000
-845877.0102899933000
-845905.8056876168000
-845720.8878159850000
-845696.1377709873000
-845815.2043460272000
-845941.4529336288000
-845835.6142360504000
-845900.0438961396000
-845880.4060717819000
-845856.2091973313000
-845883.4116251927000
-845819.9014114048000
-845867.8523002242000
-845856.9266052105000
-845908.4750930194000
-846024.2100326446000
-845988.0642961290000
-846003.0825062095000
-845913.8010310814000
-845928.4725050624000
-845711.7360271235000
-845622.2770537687000
-845756.1205537131000
-845789.7495093175000
-845662.1145962110000
-845718.6219953755000
-845706.4202569850000
-845749.0735450839000
-845890.6545675213000
-845748.8916684781000
-845742.0760471035000
-845781.9365724318000
-845757.1523168647000
-845870.9589631507000
-845761.0564084435000
-845794.7195064808000
-845781.0670687094000
-845903.0898533418000
-845739.6217642461000
-845672.5295691151000
-845663.6065777289000
-845804.4610697299000
-845709.7466267584000
-845801.4560760568000
-845839.2483919284000
-845687.2541016166000
-845608.1045325461000
-845726.7361279828000
-845672.4040968441000
-845802.1052158535000
-845856.8743615889000
-845839.7852303899000
-845868.9108213095000
-845932.2514200368000
-845835.1516403665000
-845832.6035458156000
-845974.1005468951000
-845922.3720435288000
-845942.8543607984000
-845822.1488343419000
-845838.9647288654000
-845878.6688926779000
-845812.3842125970000
-845760.4618404116000
-845728.1549071060000
-845827.4989198399000
-845911.6325618481000
-845854.2406287044000
-845992.1234029726000
-845949.2955398347000
-845911.7355916871000
-846065.7906225822000
-845963.8853424891000
-845986.3437836845000
-845938.4294872832000
-845881.3419095471000
-845883.8202786563000
-845963.6006965273000
-845874.2159894060000
-845856.7494986074000
-845871.7733385916000
-845868.6032638882000
-845960.3725327573000
-845920.9608266596000
-845867.9694715417000
-845841.8678297859000
-845725.0230271454000
-845783.8926151203000
-845810.0490700749000
-845878.5328730077000
-845854.5478799116000
-845803.8182551054000
-845847.0574739975000
-845791.3308459712000
-845870.2405762721000
-845914.5655947332000
-845735.4251540697000
-845994.4811014605000
-845918.3185408692000
-845936.8271629227000
-846064.4382010319000
-845944.3302654241000
-845793.6702179464000
-845922.5135283162000
-845819.9167311394000
-845866.5264462976000
-845719.9847035259000
-845745.0177622025000
