-925578.1973302873000
-919265.8886621050000
-913825.2381170960000
-909500.7137238916000
-905910.0567140192000
-902433.5109986044000
-899476.6807212367000
-896629.3879715985000
-894233.5901849020000
-892424.2270490797000
-890464.7837371333000
-888920.8837788875000
-887526.7465412552000
-886400.8081481165000
-885222.5673422756000
-884128.5536910330000
-883074.5586803737000
-882262.0115638580000
-881352.8177785164000
-880601.1130054793000
-879825.0291343565000
-879149.2664882367000
-878501.0499001552000
-877858.4839337593000
-877323.7332533606000
-876751.4470690188000
-876218.4328537292000
-875752.4139049798000
-875285.4814897183000
-874777.3685483938000
-874305.4559092334000
-873738.9836744167000
-873288.7234138423000
-872829.9183020125000
-872429.2321253620000
-871981.5605862506000
-871691.6229951673000
-871380.9850551756000
-871041.3095995729000
-870768.6934086309000
-870515.8887305960000
-870093.1578993992000
-869861.9162446596000
-869672.3224356099000
-869367.4982296423000
-869004.6695982621000
-868823.0641068112000
-868524.4089117516000
-868131.0086759898000
-867845.5039200312000
-867856.1827980152000
-867581.2721026258000
-867458.6891809421000
-867163.2923146968000
-867091.6099969979000
-866682.1681561057000
-866530.1838207734000
-866272.2915658398000
-866051.4763733185000
-865965.8110120920000
-865936.8333562376000
-865728.6730224238000
-865566.4727817364000
-865496.7385013502000
-865215.0333184747000
-865104.1317969669000
-864798.0054545990000
-864666.0145883283000
-864573.2662830844000
-864638.4198592316000
-864482.2010105617000
-864294.4056873060000
-864131.1310045110000
-864073.2223759240000
-863752.9507532499000
-863459.9402117622000
-863366.8527660408000
-863158.7569873343000
-863021.9555686006000
-862834.7797326822000
-862898.1698629606000
-862654.0680859167000
-862752.7917533624000
-862623.3709747129000
-862341.9607212697000
-862375.6471406570000
-862286.1291089366000
-862149.0295002974000
-861906.8978944393000
-861705.3183241496000
-861691.1968590062000
-861480.0030836756000
-861405.7304281486000
-861467.0070586962000
-861372.8801496678000
-861265.8182367642000
-861159.8479996279000
-861272.9156635976000
-861275.6911046351000
-861176.3790022840000
-861033.8927935349000
-860846.9603799973000
-860855.0589102344000
-860919.5340983166000
-860836.5667573560000
-860783.3206739429000
-860584.7325900468000
-860460.6496339736000
-860172.8773614671000
-860091.5159106525000
-860115.7933144987000
-859954.3321426983000
-859843.2663496953000
-859849.9025898991000
-859936.6539127836000
-859883.7164046977000
-859896.5624193668000
-859795.3490188614000
-859827.1416946430000
-859694.1882893376000
-859551.7562105268000
-859596.0592966982000
-859451.8819218990000
-859304.1033095691000
-859230.5316899022000
-859189.1811348009000
-859175.8821521705000
-859185.1272365191000
-859045.8891918190000
-858941.0036662412000
-858800.8943943717000
-858807.4137965740000
-858570.8667380858000
-858678.9125532239000
-858445.7527955974000
-858504.5871515189000
-858308.7172531115000
-858413.0368838323000
-858279.8250674693000
-858469.1740181055000
-858395.7357156085000
-858413.4593854260000
-858318.1970876922000
-858327.1862658128000
-858280.8808950947000
-858191.9190410448000
-858089.8420538821000
-858153.1721278677000
-858038.4279012383000
-858001.8121876457000
-857927.7745017285000
-857845.6478492204000
-857852.7169746788000
-857847.6473537477000
-857707.3506997849000
-857860.9955465630000
-857858.6504701845000
-857692.6851533874000
-857492.2283707212000
-857596.7388025693000
-857572.4807452642000
-857465.4805452132000
-857458.9489248194000
-857494.9924549072000
-857401.1590474846000
-857274.8557363988000
-857385.4983005382000
-857285.8992134368000
-857182.4856934184000
-857096.5483846656000
-857286.6074178230000
-857223.9888317780000
-857135.2181355461000
-857153.2389522905000
-857053.7234326343000
-857090.9443105143000
-856970.9010476329000
-856862.1976666172000
-856831.6928025696000
-856781.9763487087000
-856872.6534075722000
-856824.1809731084000
-856832.5026806461000
-856622.8700354395000
-856688.6009290961000
-856791.2606918927000
-856805.0051156200000
-856722.8696732968000
-856431.3473360246000
-856546.0282876014000
-856648.3059709409000
-856477.2455222977000
-856537.0278371960000
-856473.3459579932000
-856508.8007157058000
-856471.5316865274000
-856537.3726453795000
-856417.6501368908000
-856484.9263341568000
-856499.4863328581000
-856249.0977949705000
-856321.4765221360000
-856310.4481508870000
-856355.8016898896000
-856188.7524401338000
-856152.0724519861000
-856204.5661921798000
-856281.0137735147000
-856109.2975873001000
-856107.3273719483000
-856198.6847936608000
-856076.5586638609000
-856159.7292191307000
-856094.5972805871000
-856259.7390639619000
-856228.6219348442000
-856126.6215639770000
-856135.5769900382000
-856148.4609083983000
-855920.3576276592000
-855992.0678741242000
-855988.7014427045000
-855949.1747728599000
-855914.6775338020000
-856004.9958691667000
-855945.9581376492000
-855902.5398546540000
-855822.8095087475000
-855886.6495178865000
-855806.7859126610000
-855765.8567209454000
-855714.6742693745000
-855700.8311988222000
-855675.6220169631000
-855577.6325546524000
-855713.4773541320000
-855749.0920494568000
-855709.4932560705000
-855505.4869768776000
-855475.1954918037000
-855564.5400604560000
-855548.9435308548000
-855646.7355105224000
-855583.5160827620000
-855647.3313647445000
-855513.2951475002000
-855440.6199028528000
-855335.3289466910000
-855422.4207422520000
-855316.1764792188000
-855289.2270758159000
-855487.7058052855000
-855424.6732920970000
-855337.1336752700000
-855330.2303616825000
-855213.4047010023000
-855262.6833692765000
-855320.8569798466000
-855190.9727317402000
-855111.3470565302000
-855273.3203473648000
-855102.6160282692000
-855083.2067918405000
-854987.9653953288000
-854867.2506417981000
-855023.6119977668000
-854985.1493575625000
-854935.0435433412000
-854846.3761806336000
-854905.8558646846000
-854779.3043630408000
-854719.8915024482000
-854924.2452468995000
-854907.0826937973000
-854697.2505257825000
-854727.7823235468000
-854787.4693135307000
-854940.6184219900000
-854961.4247921250000
-854799.5983438576000
-854871.5473169767000
-854920.6417693824000
-854970.1711373357000
-854819.4195234011000
-854880.7490202958000
-854875.6773209405000
-854758.9852644318000
-854872.9372704574000
-854869.0214603294000
-854820.5605673409000
-854864.1986689151000
-854831.4742473951000
-854859.1451456800000
-854764.2027069638000
-854771.4947476714000
-854738.6191978450000
-854806.1672771209000
-854777.7358537501000
-854688.9189754056000
-854750.5191557388000
-854703.5284897583000
-854600.3338708667000
-854526.9116451642000
-854613.8967905918000
-854546.7111581573000
-854613.1946323378000
-854530.5529532653000
-854495.8089474795000
-854648.3480474803000
-854633.8228281680000
-854645.3455686449000
-854576.2920066159000
-854592.5320768005000
-854694.4692255582000
-854430.9293885513000
-854518.4792774735000
-854452.9455280108000
-854398.7984627007000
-854467.4499453935000
-854514.6444525929000
-854502.6804206608000
-854391.8271074893000
-854562.7548434596000
-854544.4060935110000
-854604.0007804399000
-854562.5817186079000
-854427.4250533617000
-854514.2625575179000
-854506.4429321017000
-854558.3104971915000
-854413.5339726132000
-854459.4227102323000
-854277.9288659579000
-854477.7169791274000
-854671.4102332648000
-854577.8413755615000
-854567.2845882409000
-854417.4160001253000
-854299.0406456070000
-854284.7810798364000
-854413.5160725387000
-854419.6002749744000
-854308.3853609569000
-854331.8364451508000
-854211.7183946973000
-854294.0408396779000
-854167.0552573202000
-854011.2102155864000
-854068.0696494445000
-854120.5735669369000
-854195.1314368943000
-854185.8265063240000
-854213.5534643752000
-854126.8931811705000
-854044.0429281634000
-853979.0967963663000
-854034.8381341520000
-853955.8485399047000
-853988.7857910000000
-854057.3219330956000
-854017.5385094769000
-854006.3972187520000
-854077.7584141543000
-854065.8780114354000
-854007.3800818531000
-854093.5587139240000
-854116.7468423877000
-854101.5065364755000
-854105.0777765708000
-854074.2294769489000
-854080.4416086859000
-853948.1229022910000
-853963.8128433289000
-854043.3825539603000
-853982.5893804379000
-853880.2573048646000
-853935.0963007961000
-853926.3138548578000
-853958.9589053616000
-853969.3079585475000
-853942.7585019822000
-854172.0401980757000
-854097.4620691373000
-854092.9566257060000
-854133.9081232724000
-854104.5790602742000
-854218.1835317957000
-854118.1599627776000
-853998.9550071955000
-854038.3866903529000
-854052.7524517070000
-853966.2630051926000
-854168.6113331456000
-854118.8410418264000
-854042.1894517543000
-854012.3587941820000
-854046.8266385745000
-854084.1746211750000
-854059.4347960787000
-854007.3777651036000
-854134.4863543323000
-854048.6062528866000
-853871.9332481856000
-853866.6028621566000
-853882.8136806951000
-853806.7559627771000
-853805.8381090293000
-853741.4226543957000
-853853.6090797636000
-853780.1493249696000
-853757.6070121912000
-853645.2448133489000
-853638.1580698818000
-853550.6047305784000
-853486.3711192559000
-853692.4471426825000
-853661.0593860329000
-853616.2052459083000
-853514.7965890234000
-853484.8743480041000
-853542.7600333247000
-853516.2893549495000
-853568.0513206921000
-853717.7809451140000
-853655.9733180614000
-853563.5393451495000
-853743.5835492824000
-853757.0254510349000
-853596.6403355473000
-853639.2915989090000
-853645.1356613887000
-853604.1681224304000
-853658.9079627756000
-853604.1491921823000
-853716.3574524284000
-853641.3792687585000
-853670.9479986515000
-853656.8746768367000
-853505.4626625881000
-853565.9905497779000
-853541.4348027931000
-853703.1656128048000
-853601.5256371028000
-853591.5635244531000
-853542.0914501752000
-853431.4098054762000
-853511.2123392317000
-853499.7347167367000
-853658.5635824210000
-853639.3601285686000
-853652.9111002082000
-853549.5192421287000
-853481.6503672685000
-853479.1020997036000
-853525.1990209763000
-853619.9490206446000
-853478.6076850030000
-853461.1512678569000
-853595.7214995711000
-853486.1349722098000
-853475.9899783228000
-853494.4900987952000
-853586.6416683185000
-853411.1710019190000
-853444.3790132261000
-853442.0781791047000
-853448.9888799738000
-853277.6581670048000
-853405.7865165086000
-853470.0890480116000
-853471.5802092805000
-853455.0513535741000
-853413.2827511057000
-853382.3677374169000
-853432.5463322394000
-853287.3778155551000
-853331.7648631705000
-853323.7863584350000
-853452.3033624657000
-853415.7079504109000
-853302.5180798854000
-853224.9277269074000
-853350.5051619650000
-853216.6582762796000
-853292.1819219105000
-853306.9303210297000
-853245.8702427554000
-853196.2765249135000
-853286.3340337578000
-853406.2332265469000
-853352.1867414824000
-853353.1209147830000
-853311.8147459175000
-853146.8137690616000
-853062.9112203119000
-853117.1916928961000
-853237.7771009543000
-853232.6762409717000
-853215.6080026910000
-853074.5820029929000
-853119.1069086669000
-853155.8841668240000
-853205.6977366080000
-853239.3637419669000
-853298.2108124453000
-853253.3089828957000
-853235.5805781800000
-853137.4251895158000
-853137.1961858663000
-853255.3982852692000
-853332.1708555007000
-853268.1905829768000
-853301.5366717121000
-853111.7255189307000
-853178.4478994970000
-853129.5071047794000
-853088.1339490267000
-853196.9595182015000
-853089.6406520739000
-853171.8041844429000
-853077.8390033442000
-853075.1522748296000
-853001.2952430381000
-853012.9806924391000
-852954.0247841765000
-852906.9116125470000
-852898.1785922320000
-852924.6502113582000
-852960.4677309230000
-853152.9906544134000
-853083.5806805677000
-853001.1153785294000
-853054.2332817846000
-853029.4164461421000
-852833.8147815195000
-852926.8520144443000
-852822.4644540176000
-852759.3383758236000
-852812.4536090338000
-853010.3154671199000
-853011.6246025532000
-852946.9803326362000
-852935.6164341711000
-853050.0354057152000
-852847.2251048952000
-852714.7263943852000
-852965.6199392921000
-852832.8359242955000
-852838.2409097888000
-852947.4220467756000
-852979.5062163492000
-852865.9951176189000
-852841.8381303440000
-852838.4266888583000
-852915.3806353677000
-852766.4173453290000
-852764.2685943248000
-852949.6625841126000
-853005.8956962178000
-853034.1705272322000
-853019.8446848643000
-852963.1125820373000
-852870.6946318393000
-852922.9331488118000
-853024.3513685984000
-852972.4922084250000
-852916.6838361322000
-852910.8530282591000
-852819.1504474098000
-852853.7975320223000
-852969.8757034194000
-853059.2726768486000
-852879.9275371929000
-852764.8827456370000
-852772.2963637677000
-852779.3644727228000
-852745.3665076250000
-852978.9891247397000
-852797.8100526037000
-852857.1393967944000
-852766.7911758784000
-852922.7799323730000
-852782.2128650266000
-852899.0270476843000
-852795.3218725995000
-852789.6352741211000
-852854.3714555725000
-852777.6904996684000
-852784.5556271372000
-852864.8614943568000
-852870.9494152705000
-852812.2853848203000
-852912.4354674772000
-852876.7330154192000
-852794.6871683459000
-852667.6166181652000
-852603.0796000663000
-852919.5094793834000
-852805.7733564198000
-852862.4940858643000
-852739.0829887806000
-852736.1824537853000
-852639.8114649804000
-852665.2130223534000
-852695.6582497152000
-852760.2477980291000
-852770.5608657078000
-852758.4553174339000
-852771.3645824435000
-852840.7690114110000
-852832.7385075268000
-852732.2076111098000
-852841.9608905058000
-852800.7519226407000
-852649.6139251859000
-852667.0285178248000
-852726.5798881898000
-852678.6656969811000
-852714.9121924321000
-852751.1582665179000
-852867.8446634432000
-852712.0831276345000
-852662.1116584864000
-852726.3056850454000
-852830.6125537825000
-852828.6937167477000
-852755.3201245255000
-852714.1562458051000
-852765.1655591574000
-852742.2277262562000
-852796.4790091150000
-852590.8183796689000
-852796.7555512441000
-852737.5644871509000
-852779.5640035123000
-852804.4800288177000
-852736.4006159025000
-852766.7967654957000
-852889.8024359245000
-852895.5790174364000
-852911.1194662792000
-852799.7829693954000
-852859.2255612368000
-852876.1687323618000
-852837.4947017616000
-852900.4050227384000
-852815.2910533535000
-852720.8743871537000
-852805.2238046240000
-852794.3326462668000
-852782.8861937501000
-852877.9483475795000
-852834.9726338702000
-852769.8102027405000
-852635.4986680152000
-852689.8454771936000
-852757.7134649438000
-852639.4829127161000
-852564.6825751616000
-852669.2540523186000
-852687.9193708956000
-852778.9555240045000
-852741.9283044782000
-852867.1960927013000
-853009.1869344243000
-852850.4590549917000
-852795.7770868348000
-852867.1003337685000
-852750.3917189884000
-852828.3325841055000
-852815.8321009761000
-852810.7301236012000
-852776.6470309504000
-852747.1804463739000
-852623.3335287353000
-852690.4895761017000
-852570.3249100395000
-852559.0801960294000
-852578.4512775180000
-852606.8630825216000
-852494.7881702834000
-852537.5403984663000
-852608.7498426696000
-852672.2866487902000
-852741.7249010849000
-852618.1490646710000
-852614.6640982983000
-852642.6481770073000
-852664.1729643979000
-852660.3304242219000
-852710.8232320633000
-852723.9667630020000
-852674.6478769011000
-852640.5611815198000
-852685.9259225243000
-852653.5729326337000
-852446.4143162344000
-852603.6504793599000
-852805.2084476176000
-852689.5924001632000
-852840.5088741238000
-852646.2646212676000
-852643.7169815660000
-852498.3655896425000
-852485.6401492800000
-852433.6452486857000
-852353.7469902375000
-852509.2555770604000
-852491.5347517200000
-852476.1001017187000
-852391.2693322407000
-852420.7761019481000
-852487.4592068890000
-852358.3254626666000
-852422.6915046333000
-852458.5760257451000
-852485.5316236597000
-852594.6709959747000
-852659.7804631279000
-852633.5358799684000
-852479.1785071214000
-852578.3685531191000
-852589.7236900625000
-852486.7853278749000
-852506.8026705125000
-852627.6940131607000
-852638.5639446998000
-852578.4646053332000
-852599.8628876153000
-852648.5337951403000
-852549.3151652540000
-852500.7631167239000
-852590.2975747023000
-852430.3082700972000
-852352.4025550004000
-852505.1917912508000
-852521.3937406089000
-852437.8719037540000
-852337.3320423200000
-852349.2766738270000
-852400.8608897468000
-852489.9271106422000
-852453.4386728042000
-852568.1209566941000
-852531.1252914900000
-852552.9373422546000
-852561.8013167977000
-852470.7613003871000
-852422.8431748372000
-852421.3293067379000
-852486.8209139844000
-852481.6567684306000
-852489.4638540352000
-852421.5154475654000
-852325.2426779944000
-852486.6850464857000
-852466.6754360588000
-852429.7254273207000
-852521.2174983030000
-852522.0058720009000
-852426.5327617018000
-852518.1351933940000
-852597.2684844421000
-852366.3416388445000
-852319.8597737001000
-852359.4899380758000
-852356.7225338777000
-852443.3304593824000
-852413.7942118311000
-852488.9657888310000
-852263.7506854947000
-852232.0175836696000
-852056.6797561982000
-852385.9644533104000
-852244.1532904365000
-852285.9489998790000
-852157.1183433332000
-852258.3069130791000
-852250.5034234403000
-852254.9017431044000
-852204.0570708018000
-852184.9912890398000
-852389.5738612344000
-852364.8044737438000
-852365.3598398482000
-852313.7444945293000
-852347.8462934985000
-852296.2118970677000
-852363.8168638921000
-852327.1850332762000
-852259.4438200672000
-852237.6681888541000
-852253.2691254326000
-852285.1424327070000
-852233.0431964803000
-852201.8394436039000
-852279.8831585166000
-852300.3243492253000
-852213.5197235680000
-852248.3906208187000
-852213.7687629273000
-852235.0783936017000
-852219.4434379713000
-852282.4522219405000
-852244.8228080262000
-852297.7393466240000
-852344.6049857856000
-852296.0201219702000
-852328.2456539416000
-852153.3658865915000
-852157.4781873812000
-852296.5782890377000
-852265.3066626895000
-852323.4775910842000
-852237.0653885770000
-852240.4029806352000
-852307.4711106009000
-852173.4538064736000
-852381.7338612182000
-852409.7265716074000
-852375.6867522877000
-852256.7654444808000
-852299.4453267158000
-852262.1688120831000
-852340.1597201066000
-852347.6258120353000
-852417.1522237990000
-852406.7367900034000
-852242.9786898533000
-852337.0725778611000
-852277.9453631579000
-852405.2403221492000
-852200.6788260217000
-852224.3522763321000
-852349.5422705557000
-852192.1481991656000
-852309.0634268696000
-852254.0010425694000
-852258.4569694191000
-852377.3270623811000
-852280.2364385165000
-852235.3771487059000
-852260.6605019147000
-852256.5277596114000
-852292.3384957125000
-852342.1964691909000
-852303.7594496236000
-852316.8256271277000
-852262.8890735637000
-852081.9805254043000
-852100.6794831773000
-852136.2806987789000
-852167.0990186711000
-852172.2291923845000
-852196.5477228552000
-852222.2960039825000
-852096.0365132691000
-852250.5156395994000
-852204.7171664083000
-852199.0941704660000
-852155.5182904637000
-852262.8517857900000
-852287.2372463042000
-852247.2141696404000
-852185.3560604713000
-852176.7532033260000
-852048.9866172859000
-852078.7220528728000
-852095.6404397112000
-852131.4575995492000
-852107.8844616122000
-851997.1237681402000
-851992.3270053698000
-851965.3772584002000
-852000.3740720517000
-852026.0433505705000
-851847.2750334493000
-852007.1347776401000
-852054.2361728060000
-852049.7418116964000
-852010.3527751652000
-852095.2468529633000
-852092.9179872227000
-851985.5182952479000
-852019.5855947317000
-852033.8885731028000
-851941.3555076616000
-851998.3263580481000
-852019.3913700464000
-852068.3070798015000
-852039.9448636776000
-851976.8522164786000
-851885.9839074637000
-852020.9678248406000
-852009.3829150565000
-851913.3381933229000
-851903.8818555240000
-851974.1902350438000
-851981.9596496378000
-851862.1406215564000
-851863.8328233503000
-851996.9079141380000
-851967.2712365284000
-851931.3084244763000
-851803.7678088206000
-851905.6601815122000
-851876.2891223654000
-851941.1524695118000
-852009.2505437530000
-852021.9248510201000
-851868.2658904592000
-851828.6773640851000
-851937.5366840173000
-851975.2401727120000
-852005.2037335245000
-851932.8839120887000
-851966.4487041791000
-851969.2321571474000
-851919.8443083032000
-851939.5400869889000
-852087.7944676217000
-851912.0140190525000
-851980.8585718839000
-852026.5863141315000
-851927.6854289098000
-852011.2380958978000
-851789.1566700470000
-851827.3209852806000
-851861.3593445210000
-851742.1075864709000
-851739.3077472931000
-851639.7711186417000
-851845.8954249783000
-851739.4556762017000
-851767.3062749556000
-851779.0599190523000
-851773.6963132857000
-851908.5194786091000
-851970.6084523085000
-851830.2519772325000
-851795.7447093483000
-851748.5725216299000
-851819.2831292972000
-851757.5371162667000
-851737.3934902649000
-851748.3754242357000
-851785.7162392472000
-851701.4312952083000
-851756.6004521765000
-851694.6621208844000
-851596.3056663515000
-851604.8315788670000
-851573.5293450955000
-851606.3690087511000
-851788.5959090244000
-851630.8287650753000
-851618.7700756516000
-851675.4899480726000
-851805.5389696918000
-851789.7062779990000
-851701.4241221908000
-851587.4692163056000
-851598.4383033682000
-851667.7483811757000
-851674.1152015130000
-851898.0436141372000
-851779.7965180200000
-851816.4173373758000
-851755.7020773052000
-851745.3198239773000
-851768.7133898058000
-851809.4580380216000
-851699.3964287692000
-851795.0600362870000
-851734.6842087714000
-851778.7166699958000
-851800.5882102450000
-851833.6619867163000
-851864.0085477931000
-851950.0606354220000
-851901.2279568951000
-851919.3671025406000
-851899.9295711658000
-851715.4221012515000
-851862.3417515076000
-851881.9230230070000
-851790.8353413274000
-851760.1964343952000
-851765.6881813926000
-851824.8198154115000
-851700.3972837860000
-851844.1334602223000
-851889.4490609926000
-851845.5104116414000
-851740.2918362741000
-851769.4987969147000
-851857.0413093101000
-851777.4995055630000
-851815.3533039636000
-851631.2105884192000
-851587.4364300994000
-851629.9629184132000
-851547.9058603335000
-851681.8834277455000
-851643.6589565583000
-851692.4656059165000
-851547.8424318313000
-851643.1004418547000
-851643.8807055157000
-851750.4347761088000
-851847.8354593734000
-851742.1901353370000
-851662.4793559539000
-851710.9561893714000
-851694.4261187173000
-851687.5691518574000
-851716.0163355250000
-851714.8637376265000
-851739.5668807407000
-851682.7183789237000
-851465.5957459786000
-851634.3806672513000
-851665.2914017314000
-851601.9593927439000
-851616.7957536603000
-851573.8772434283000
-851593.5392141835000
-851542.0420983271000
-851591.7229819396000
-851620.4723770987000
-851790.0852471058000
-851694.8380963174000
-851536.0664576570000
-851531.5879990020000
-851501.8041385562000
-851557.2758349838000
-851614.9748706672000
-851633.0147212204000
-851712.1546073318000
-851639.1720140363000
-851610.3867588972000
-851782.1827084587000
-851729.9391517965000
-851673.7835350751000
-851742.2301561852000
-851771.1756507446000
-851617.0718957748000
-851740.6221168821000
-851647.3026354883000
-851760.4078338668000
-851738.0340558089000
-851808.8430696950000
-851764.1215887568000
-851844.1984441788000
-851733.0035015062000
-851888.8798904778000
-851983.3725007009000
-851896.6067247061000
-851895.6387182809000
-851902.8935732000000
-851762.9900504138000
-851709.2022382575000
-851821.1467583881000
-851760.6199516628000
-851824.1323636129000
-851795.8969777942000
-851764.9636156989000
-851784.3874091002000
-851819.4693396253000
-851759.8655975424000
-851891.5197598947000
-851656.6556846627000
-851673.4110298592000
-851569.6498085852000
-851608.1530206505000
-851763.1724393520000
-851744.0106862049000
-851553.8872035106000
-851468.2183483646000
-851551.7133097193000
-851550.6659134246000
-851589.1515924752000
-851679.7322042087000
-851544.2518849006000
-851598.6649866243000
-851683.3310156727000
-851657.4349713665000
-851607.8917368575000
-851737.6839773264000
-851825.2769997665000
-851716.1638631976000
-851590.2685769560000
-851713.4622923571000
-851581.4827714082000
-851681.8193903421000
-851660.7071686254000
-851574.8319118216000
-851698.8664460508000
-851697.0636346864000
-851580.7254179757000
