-907018.0908953150000
-900728.5339387025000
-896253.0049590243000
-893106.1463649323000
-890766.9645879628000
-888800.7399587694000
-887293.8345281288000
-886133.9246271647000
-885002.1902385355000
-884146.4056882235000
-883423.9607381565000
-882542.3546055931000
-881886.1582047621000
-881364.0640619567000
-880884.1276273737000
-880296.1530005372000
-879871.0943299262000
-879466.3834097311000
-879051.0728895678000
-878664.6832456432000
-878403.2075969492000
-878151.3791470063000
-877761.1391214232000
-877322.5257612539000
-877042.7141863698000
-876751.2317931624000
-876555.6504995929000
-876476.8478061187000
-876276.0703520563000
-875877.0836897487000
-875721.8705750760000
-875451.0535082022000
-875274.8485741605000
-875095.5569221963000
-874741.7915090645000
-874572.2228131217000
-874436.4976626600000
-874319.0505228462000
-874112.3540929847000
-874045.5976930432000
-873808.7646094966000
-873678.5015687803000
-873629.5541583658000
-873459.5508010023000
-873305.9728463440000
-873161.2030635012000
-872966.6515040809000
-872759.4611126278000
-872629.6018198354000
-872605.2555201058000
-872427.5742670062000
-872358.9677030466000
-872134.9447505234000
-871882.4112653730000
-871776.9179478977000
-871720.0478360130000
-871590.0474018868000
-871565.2864374353000
-871305.1858785335000
-871162.0833476990000
-871128.5267419467000
-871026.0481400182000
-870962.9198095374000
-870789.9871717221000
-870755.5793738785000
-870654.1132075032000
-870539.1498193329000
-870511.7580809136000
-870376.0826046336000
-870242.7908368452000
-870164.7904082731000
-870076.0709654577000
-870021.6181064527000
-869890.9180442124000
-869761.3836348818000
-869723.1390880387000
-869690.9436389683000
-869531.8012049608000
-869413.7967500928000
-869444.5648648961000
-869372.5309250415000
-869310.1729674660000
-869113.0684832156000
-869131.5268315600000
-869043.1439603337000
-868858.8358338883000
-868671.7866402216000
-868545.4159226115000
-868472.2126807653000
-868449.3301881115000
-868360.5188040155000
-868346.0288727328000
-868273.8419027483000
-868192.0680659561000
-868154.8274303369000
-868007.1050807405000
-868077.9748370615000
-867994.2274414345000
-867888.5792981348000
-867750.3261520582000
-867713.3944309821000
-867664.8470436528000
-867582.8484631394000
-867512.7785381422000
-867492.1522789928000
-867349.1812494199000
-867342.3744098583000
-867203.6575998247000
-867101.1767180101000
-867095.1181556365000
-866968.8410006106000
-866884.9197936831000
-866792.0379822839000
-866742.7807728675000
-866670.4375633463000
-866642.1663905041000
-866482.5871303538000
-866457.4705906691000
-866339.9482639923000
-866309.8515924100000
-866377.7721659729000
-866415.8161706857000
-866189.8627410335000
-866191.9939465408000
-866173.0223704376000
-866178.8822602447000
-866104.1150964209000
-865965.5026348353000
-865889.1526105446000
-865895.0472854244000
-866000.1669648065000
-865866.9207433220000
-865884.4108205623000
-865758.7102826806000
-865688.6038698312000
-865644.5981737473000
-865526.3391889090000
-865428.3154027199000
-865395.6378923417000
-865362.0860437050000
-865209.0429944472000
-865224.0918632281000
-865226.9527879693000
-865276.5705252839000
-865179.0907432605000
-865141.7977403018000
-865012.4670744361000
-864912.9630271930000
-864818.0342093632000
-864713.8426719768000
-864684.5165759526000
-864706.0352687434000
-864752.3635104750000
-864726.4666722222000
-864613.2429829023000
-864504.9480464163000
-864431.6619022484000
-864419.6291886744000
-864285.0108156928000
-864168.0399546126000
-864326.2254945380000
-864129.5926794207000
-864109.2260002490000
-864179.7602701535000
-864058.9972996663000
-864065.4610621681000
-863894.5454846600000
-863964.1035237784000
-863950.1066841697000
-863895.0078682571000
-863920.9415368986000
-863844.7476847357000
-863912.4933678263000
-863829.5800177443000
-863799.3779921840000
-863726.0594083945000
-863717.8832261183000
-863660.9607531582000
-863572.6378363038000
-863619.9673846842000
-863498.5590716132000
-863505.7804630497000
-863437.7418691015000
-863438.4458174368000
-863368.4185677132000
-863304.1373309195000
-863311.7560097948000
-863217.3230921024000
-863182.2046644632000
-863204.0112105557000
-863162.5570874279000
-863025.0550878827000
-863027.5415343764000
-862848.8861278777000
-862919.0863901170000
-862708.1992671919000
-862738.0378851809000
-862721.1804581267000
-862588.9179925310000
-862643.5345792373000
-862654.0278766060000
-862465.8354824611000
-862525.5274995469000
-862429.9131081838000
-862390.8762128268000
-862353.8487902224000
-862430.8105869044000
-862291.2363198431000
-862323.5457292444000
-862218.3058463542000
-862171.6136601944000
-862089.5574802958000
-861992.2379136113000
-862102.2752130580000
-861986.3005021845000
-861979.3838085058000
-861939.4758018093000
-861942.1619996418000
-862026.7714421435000
-862017.1198193175000
-861793.6752225729000
-861733.8430841500000
-861741.6097075804000
-861694.9834637296000
-861717.1842223371000
-861728.9850255329000
-861659.9990885265000
-861601.5863477995000
-861590.6551973745000
-861618.7479695638000
-861452.1414815864000
-861496.9603698722000
-861516.0846042482000
-861433.0611479043000
-861354.8807146915000
-861352.1429183680000
-861365.4207839833000
-861292.7882784681000
-861152.6615021428000
-861171.9347049559000
-861154.3982208674000
-861166.6500553330000
-861219.4831093855000
-861051.2232857620000
-861037.1349790886000
-860998.5447588599000
-861067.0830282535000
-860902.8208294550000
-860963.7301478704000
-861000.9791824714000
-861011.4366977814000
-860950.8895951285000
-860857.2692293257000
-860820.4063542178000
-860850.5261519293000
-860798.7332668215000
-860795.7203186352000
-860718.0435024868000
-860702.9951079310000
-860664.5569151072000
-860660.9395514546000
-860604.1109241459000
-860650.8016462210000
-860583.7147565243000
-860474.3224826843000
-860466.0157498878000
-860534.3394495236000
-860419.9089153588000
-860317.5723124401000
-860301.6473906747000
-860309.6088217647000
-860266.1058138810000
-860245.6875748652000
-860335.2980895530000
-860336.3227342484000
-860192.5785305137000
-860191.5571720538000
-860215.9794438696000
-860144.9529659187000
-860134.0242483935000
-860290.6664950060000
-860119.6114060837000
-860035.9048794424000
-860018.4602288397000
-859961.0593942511000
-859888.2894501365000
-859916.0129105025000
-859878.3709207841000
-859907.1380671120000
-859811.6066890314000
-859819.0968789496000
-859751.8208928201000
-859748.5219088349000
-859769.0183770185000
-859746.2058743121000
-859661.0778112526000
-859661.8567612587000
-859611.5025640385000
-859615.8020466829000
-859472.4746969310000
-859522.3123771615000
-859527.4657138129000
-859569.3948110278000
-859442.1037649752000
-859478.1917803213000
-859456.0170965291000
-859575.6839274802000
-859471.4787735291000
-859396.4194196824000
-859498.3929771100000
-859522.4952990784000
-859445.5022291109000
-859490.9079337498000
-859449.7195050580000
-859479.4760259445000
-859482.8422210988000
-859455.2184197144000
-859389.4995889560000
-859332.6016175052000
-859369.2399702894000
-859158.3229845713000
-859186.6074244655000
-859190.8063056581000
-859152.0314227617000
-859066.0475913430000
-858997.0598488906000
-858991.1979293420000
-859055.0276003296000
-859059.2215870479000
-858923.1648218560000
-858959.2072738211000
-858979.3786732896000
-858890.5626792650000
-858943.8862323929000
-858847.2754665230000
-858791.5853106771000
-858898.6868305925000
-858876.0040294147000
-858742.9750106651000
-858697.0201242953000
-858755.0418651192000
-858700.2789832582000
-858680.8640344628000
-858716.6143389721000
-858770.1211221535000
-858608.2010469334000
-858651.3067420815000
-858632.9992117031000
-858614.2070075287000
-858674.7116209959000
-858584.5884935284000
-858585.4632769465000
-858574.6909842716000
-858449.5265992852000
-858567.9057516295000
-858420.2248409765000
-858482.8166157901000
-858468.2649082643000
-858402.9174596086000
-858439.9839209442000
-858282.4355175889000
-858281.0511463028000
-858182.3115065629000
-858233.4867170906000
-858211.5875905682000
-858229.3313909774000
-858282.7586895238000
-858225.6929815202000
-858213.7803330139000
-858267.9360214610000
-858177.8949888660000
-858107.4441982706000
-858288.5445061289000
-858259.8805519161000
-858232.0192957884000
-858084.3124031214000
-857971.2614653062000
-858092.2403981485000
-858045.3522918571000
-858043.4788759766000
-858080.8019321342000
-858027.9270857275000
-858104.2636733813000
-858067.2781326802000
-858047.4169643791000
-857993.1948803070000
-857997.0126059653000
-857814.2072638343000
-857818.3003365443000
-857958.2127348685000
-857942.8552611409000
-857933.9027749473000
-857850.0135247478000
-857883.1765052116000
-857866.0466211083000
-857915.7369874596000
-857855.2456020019000
-857805.6202809652000
-857857.6245468928000
-857817.1836299960000
-857753.3619966271000
-857800.2621324111000
-857696.6444385845000
-857650.4703879175000
-857573.3961305339000
-857571.7350755173000
-857671.1637513732000
-857644.8245660876000
-857650.8039464578000
-857606.3082510144000
-857582.5228696674000
-857577.0375642222000
-857490.9881379552000
-857442.1170909414000
-857494.9180405347000
-857345.2201478854000
-857329.7560875119000
-857258.8584563086000
-857244.8368233051000
-857141.5117278587000
-857242.6319464531000
-857224.6086872353000
-857133.5347620734000
-857230.7892648758000
-857207.6307638274000
-857251.1066525520000
-857260.2331717868000
-857194.4876070836000
-857152.6471905129000
-857129.1566931093000
-857083.1863626827000
-857160.3779033109000
-857081.6743865678000
-857102.9106815247000
-857141.5665317578000
-857169.0731803515000
-857092.6634083985000
-857070.9989557692000
-856980.5905731018000
-856996.6127424624000
-857014.8885499028000
-856998.5394856860000
-857105.2511134160000
-856937.5495873378000
-857016.4643147968000
-857031.4992364434000
-857083.7766601803000
-856921.5454712483000
-856958.0614362769000
-856920.4287511810000
-856834.0766948892000
-856820.6230948959000
-856828.3702699787000
-856817.4526406114000
-856860.3932014420000
-856810.2532248744000
-856775.4832747661000
-856860.0844287815000
-856902.1505906293000
-856869.6872934531000
-856852.6382909842000
-856719.2593592111000
-856840.8217674873000
-856822.9986361356000
-856774.5819137486000
-856789.2609689132000
-856723.7264223066000
-856642.4129983751000
-856582.2387377679000
-856669.0326709617000
-856685.2607738854000
-856623.3304443758000
-856617.5569114744000
-856607.3009976387000
-856502.7168359669000
-856564.8632388872000
-856449.2880264246000
-856453.4934636859000
-856359.4481329466000
-856282.5060374008000
-856269.1163738887000
-856357.8836960075000
-856303.0155248857000
-856318.3205586625000
-856294.9623403427000
-856271.5699470618000
-856260.0462291884000
-856185.3287588320000
-856279.5351485844000
-856296.6486642590000
-856225.0675484794000
-856191.3649658214000
-856109.8979440465000
-856145.1840262351000
-856200.2860923797000
-856164.2920069139000
-856171.7676007870000
-856178.8267019367000
-856191.6967916316000
-856104.8363415562000
-856098.4734193869000
-856151.2171531232000
-856138.7564221445000
-856230.0517464412000
-856180.5579227549000
-856098.4249692684000
-856000.2487040249000
-856064.0594934740000
-855996.3710332550000
-856000.9243249024000
-856090.8871096005000
-856081.3844198637000
-856033.4247376062000
-855983.8101292023000
-855914.5468278306000
-856007.9425605257000
-855978.8369104584000
-855942.6309322605000
-855884.3457531254000
-855847.3723008039000
-855847.4858238802000
-855806.0298746694000
-855711.3179237738000
-855759.4451146954000
-855773.5113791150000
-855746.1446920466000
-855747.4886949749000
-855740.4618197920000
-855724.6004600658000
-855663.5742494705000
-855698.0975741126000
-855547.8070655003000
-855550.9119957153000
-855535.7102027735000
-855560.0186581939000
-855580.5699873414000
-855482.3742031293000
-855521.3145273383000
-855514.4425514510000
-855500.5845841669000
-855468.8226042198000
-855471.5985016930000
-855459.3251297907000
-855452.7651062643000
-855432.4061541802000
-855445.8274817838000
-855353.8726919543000
-855445.1738836938000
-855397.0675552543000
-855387.9743028982000
-855344.6582683907000
-855425.7003727500000
-855355.6478216418000
-855367.7474195532000
-855421.4739824405000
-855346.3645797982000
-855438.1099432647000
-855379.0484457065000
-855392.6000322583000
-855298.1163894108000
-855272.5413854712000
-855253.2000195452000
-855276.0576111178000
-855185.9927870817000
-855257.7388588813000
-855268.3144141289000
-855364.3086231096000
-855297.6874524114000
-855328.5239105456000
-855080.9836763983000
-855038.9396094952000
-855164.1397841405000
-855095.9775950960000
-855085.0537590667000
-855002.8047689139000
-855007.1526474820000
-854976.8370057544000
-854982.5191256820000
-854917.4110762595000
-854871.8062070627000
-854919.1370722038000
-855018.4910331086000
-854873.2114016156000
-854977.4773946799000
-854754.2888255516000
-854821.5318809992000
-854771.3842005228000
-854734.9559665020000
-854697.6760435429000
-854865.9603872683000
-854633.4492520196000
-854746.0649886158000
-854891.7359922916000
-854834.9676884429000
-854755.8417219275000
-854633.1481950815000
-854719.5482435017000
-854665.1649036625000
-854644.8277789764000
-854478.1409200492000
-854511.0141685966000
-854484.4051444578000
-854510.2738649190000
-854476.9823722511000
-854481.5327139997000
-854620.5609430653000
-854553.4465182922000
-854547.9151074300000
-854474.8074170107000
-854472.6623546759000
-854472.9195903179000
-854493.6258899779000
-854450.4848800055000
-854461.4486314141000
-854430.6040576195000
-854437.3764925753000
-854465.3364671809000
-854407.2237838501000
-854424.1373153373000
-854424.9431193675000
-854285.2699908330000
-854304.2023141973000
-854288.6214437819000
-854302.7287393649000
-854228.5499022343000
-854177.1305434814000
-854267.2238491522000
-854243.8499717811000
-854207.4209906639000
-854138.9781124328000
-854113.9934566258000
-854252.6864193195000
-854124.3510782163000
-853981.3360470077000
-854062.6989305472000
-854167.5950387242000
-854153.6327895226000
-854076.6234132760000
-854131.4484528180000
-854219.8583588472000
-854195.2186024976000
-854123.0418157100000
-854199.6366656976000
-854114.2834815629000
-854060.1371353903000
-853921.7757272398000
-853976.3511188425000
-853998.9693007370000
-854056.6573734260000
-854064.2679431724000
-854078.4620465616000
-854052.0742271500000
-853968.1905543713000
-853992.7395094447000
-853858.9663431236000
-853923.1860769646000
-853919.9354205568000
-853882.1116489848000
-853981.7473130019000
-853874.4584123838000
-853919.7492562896000
-853925.2124024611000
-853974.2750482907000
-853866.6076595550000
-853946.5694572076000
-853852.1585735474000
-853898.3071695550000
-853895.1438509081000
-853935.3346559284000
-853828.6959865933000
-853814.2517360888000
-853764.8609118533000
-853638.3792935652000
-853624.1611968817000
-853642.9860508862000
-853655.9310142205000
-853660.9353275079000
-853647.6092726071000
-853563.2776723893000
-853614.8845018267000
-853632.4454212481000
-853618.3993239502000
-853578.1919246439000
-853470.3538775684000
-853525.8260783198000
-853500.0184504449000
-853458.7250407225000
-853442.0512481452000
-853473.8302806244000
-853460.4605570836000
-853447.6401132754000
-853532.9794043483000
-853469.4704458173000
-853540.3732560804000
-853487.7868607109000
-853430.5330686143000
-853414.7666887456000
-853422.8374049518000
-853446.0431475048000
-853342.5241691847000
-853337.8349667214000
-853383.0192567118000
-853300.7664655251000
-853193.6807580215000
-853122.4575796614000
-853162.8287321952000
-853257.6874448634000
-853256.4035968700000
-853201.0667959094000
-853177.2278235480000
-853051.5574991583000
-853110.4749338734000
-853043.3853935598000
-853076.2672053903000
-853055.9462789757000
-853085.2596013602000
-853139.7218765025000
-853216.2742357708000
-853133.6380176266000
-853048.6987706198000
-853059.4160468635000
-853062.8282547733000
-853038.7053906667000
-852999.5859496148000
-853116.7223118177000
-852982.7656271894000
-853116.0016546306000
-853077.0422785511000
-853036.0941620625000
-853104.4715453364000
-853121.5605680846000
-853189.1563152446000
-853105.9618905006000
-853002.6588167032000
-852997.0482664960000
-852933.2832320932000
-852937.2414170372000
-852983.7562424958000
-852845.9482937726000
-852909.2247494025000
-852986.8264379277000
-853021.8238478691000
-853023.3325189925000
-852931.1632450781000
-852914.4006581291000
-852892.3386479912000
-852898.2135081273000
-852824.4023425700000
-852865.1064907970000
-852805.7513708358000
-852829.4896610325000
-852718.0061818980000
-852775.9741785347000
-852806.0163623532000
-852787.7503211863000
-852721.4262417795000
-852820.6865113444000
-852817.0161296936000
-852793.8459852665000
-852819.0654346374000
-852886.3431802408000
-852856.6918048009000
-852936.0364686333000
-852836.7877720556000
-852840.4710327153000
-852724.9184682982000
-852688.3245133109000
-852788.3801974037000
-852743.0729813604000
-852717.3196188348000
-852784.0364687807000
-852740.6779614015000
-852662.8491314389000
-852678.2122900699000
-852595.1035462891000
-852635.5108720740000
-852767.2349453933000
-852700.6889793460000
-852610.4400327107000
-852676.4454033597000
-852663.1312488902000
-852619.4793863221000
-852569.0727967703000
-852512.3555553252000
-852685.6689054541000
-852611.0333650534000
-852688.7173350760000
-852606.2528982915000
-852672.0891249968000
-852487.7773503650000
-852602.7557209311000
-852553.8041608800000
-852598.3511178780000
-852629.1482707782000
-852618.0011004978000
-852709.2250128895000
-852613.0776741052000
-852583.1859203791000
-852519.9058861278000
-852525.9617344984000
-852371.9346628563000
-852528.6956772151000
-852465.8707639967000
-852425.7829126529000
-852380.7614348396000
-852387.6374378594000
-852432.9415967910000
-852384.0776565243000
-852435.4809733490000
-852419.7243217934000
-852454.0048967826000
-852458.3139668145000
-852360.6665773632000
-852417.5836865569000
-852321.5733019675000
-852401.6195228801000
-852372.0654234440000
-852253.1275735773000
-852335.5332738832000
-852245.2974920415000
-852325.9860750021000
-852384.0949559063000
-852331.9522394496000
-852265.5649689005000
-852260.1050650362000
-852229.6314390749000
-852307.8762273757000
-852309.1061037394000
-852389.9457250787000
-852347.8931241246000
-852317.2991814404000
-852421.8540813981000
-852320.5755381391000
-852366.1336197838000
-852228.2698012016000
-852221.5243172876000
-852352.5706576600000
-852283.9783387980000
-852302.7689091426000
-852302.3780801233000
-852273.4875184025000
-852250.9300052555000
-852188.4108318716000
-852207.8485921190000
-852170.9521545635000
-852238.8119450426000
-852210.3917919067000
-852235.1006754917000
-852197.8270934046000
-852300.6896326245000
-852280.4321085936000
-852227.2172783096000
-852164.8191188156000
-852171.1254841672000
-852224.5127978607000
-852195.9671756548000
-852096.9030831292000
-852059.0509662975000
-852154.4242351040000
-852185.7997586589000
-852060.3603147276000
-852055.0601049805000
-852147.9627926958000
-852088.6791220597000
-852040.2491456298000
-852222.9717129999000
-852038.4698501184000
-852140.2967908839000
-852120.9637626337000
-852123.2582175790000
-852077.9649258200000
-852120.9082924208000
-852146.6050108613000
-852071.4528835241000
-852117.4248975944000
-852021.1714345093000
-852047.7691846563000
-852086.5689991538000
-852041.9669012463000
-851996.8171242422000
-852111.8034289357000
-851998.5009862730000
-851956.9481023281000
-851953.7256843875000
-852008.6256994586000
-851940.6815843737000
-851845.2728708533000
-851904.1659748475000
-851902.5443489214000
-851899.4669010781000
-851842.4029024298000
-851803.8539866873000
-851745.0453382622000
-851810.9917139270000
-851790.4279757969000
-851800.4289073568000
-851770.6090690766000
-851798.3385409298000
-851904.5596325974000
-851790.6356250903000
-851813.4789209801000
-851798.2870687357000
-851738.9837949846000
-851779.7949324452000
-851807.7927794276000
-851890.3767746680000
-851894.9780657123000
-851836.4666489973000
-851754.8432115244000
-851841.4539632191000
-851771.6491329058000
-851798.4454507293000
-851766.5885866962000
-851723.8596474727000
-851708.0663888532000
-851720.1134804544000
-851734.8552330794000
-851793.1741349652000
-851708.1080739127000
-851815.7271988083000
-851769.4196874577000
-851707.4544283088000
-851817.9718987882000
-851688.1497728332000
-851781.8509482120000
-851796.4116412244000
-851673.2591014109000
-851644.6386861969000
-851614.0279969937000
-851590.8456290459000
-851650.8924424550000
-851680.7302027224000
-851640.7213694709000
-851706.8159896870000
-851769.8230236833000
-851759.2947672904000
-851693.6178441346000
-851734.6499396960000
-851772.2201529930000
-851717.0513353965000
-851722.8997850162000
-851675.0049751971000
-851529.3803442105000
-851542.6486378179000
-851657.1692856513000
-851534.6412722731000
-851639.8084476143000
-851555.6572677633000
-851627.4621814429000
-851581.8655582126000
-851566.8316969328000
-851609.5475612218000
-851650.5148711634000
-851646.8922173121000
-851639.6258562114000
-851654.0188765866000
-851645.2761422197000
-851615.7538979948000
-851662.6448872713000
-851674.5900044334000
-851470.6999081853000
-851603.4769895726000
-851553.2515042939000
-851537.6705901409000
-851464.3519760121000
-851422.8993411440000
-851468.3038340342000
-851608.4973812262000
-851530.1595444804000
-851527.5005723767000
-851466.2811677349000
-851434.0577015458000
-851427.6884455557000
-851325.2047458158000
-851389.5908108654000
-851339.0368514980000
-851419.5850301103000
-851451.1423289973000
-851439.9136715068000
-851390.5496842975000
-851250.1514026079000
-851224.8519416207000
-851250.8459690450000
-851245.5960280556000
-851276.7687691193000
-851332.6532599995000
-851359.7711174448000
-851217.1578013399000
-851259.7419512839000
-851183.6368611096000
-851290.7956427791000
-851236.6173042628000
-851299.6537102623000
-851241.1981677443000
-851301.3324701786000
-851345.4590429806000
-851244.0289112569000
-851388.7773087808000
-851235.1003811314000
-851292.7714668602000
-851226.9361236914000
-851336.3947831452000
-851241.3184254193000
-851088.8105952305000
-851162.1176290583000
-851031.1821277996000
-851144.2581245534000
-851122.2468566969000
-851219.4857990075000
-851159.5520485939000
-851154.9445397301000
-851145.4170865480000
-851062.1145241373000
-851137.3700236239000
-851031.6032150905000
-851030.4915465699000
-850965.8211768902000
-851125.4720043615000
-851117.9237633226000
-850977.7731892875000
-851122.6972989722000
-851066.0035974699000
-851101.0775281333000
-851109.6914728695000
-851225.0372239123000
-851135.4641625240000
-850987.6471243319000
-850966.9383151368000
-851113.2256816278000
-851136.9131504208000
-851028.1847558342000
-851126.8187216207000
-851110.4769511468000
-851071.3642176297000
-851067.8093910905000
-851090.6394322160000
-851148.9555529217000
-851092.1066306720000
-851192.8202443331000
-851018.5893164056000
-851098.5735445067000
-851050.6583188655000
-851031.6746636300000
-850939.4494569213000
-851014.2233239604000
-851061.6374308035000
-851111.3552489011000
-851108.4461787351000
-851088.4214059893000
-851073.8468737691000
-851058.8062032962000
-851108.2758562142000
-850994.2715132029000
-851066.9332728497000
-851055.4517424052000
-851079.3748226039000
-851198.0170108961000
-851015.8714555253000
-850996.4512624915000
-851033.9197317173000
-851013.1463551924000
-850976.1725715834000
-851025.4136124098000
-851091.1583206767000
-850961.0391733636000
-851101.8216942360000
-850977.4831946534000
-850969.3189262720000
-850987.4591682446000
-850956.8578223613000
-851071.7015300596000
-851083.7091746685000
-851032.7645623697000
-850971.7252620237000
-850969.5109335704000
-850840.0094569748000
-850797.8322028535000
-850923.0997909975000
-851130.9563149160000
-850987.2024321221000
-850988.6460293834000
-850935.6567468197000
-850999.0952403437000
-850883.6199056106000
-851000.8883748826000
-850922.7028664640000
-850983.9053754434000
-850870.4402954413000
-850852.9182639183000
-850783.5967257319000
-850797.7832265748000
-850930.5550643876000
-850857.7135058929000
-850775.4635003963000
-850776.5592950815000
-850878.1653958453000
-850884.2640896640000
-850924.8083947324000
-850853.6640989522000
-850845.1386769159000
