-906648.0943170151000
-899394.5612311807000
-893833.5568787641000
-890041.7769274364000
-886960.9227163822000
-884697.5440337299000
-882727.2619694405000
-880875.7037844452000
-879363.0453142887000
-877857.2812230911000
-876677.4557778809000
-875326.8635679634000
-874252.5007354345000
-873255.0758271985000
-872286.8149919397000
-871280.6929794048000
-870408.7865619392000
-869411.8449909416000
-868677.0042210205000
-868068.2115750682000
-867330.2825787839000
-866938.5175873616000
-866355.6477389375000
-865826.3008015405000
-865027.9573204408000
-864551.4380502880000
-863988.3291156964000
-863431.5956547832000
-863003.1021784939000
-862643.7105148288000
-861996.4193460596000
-861616.0144475015000
-861218.9735309423000
-860947.3063023518000
-860598.7751040396000
-860274.3720959941000
-859898.6761746412000
-859567.7047696793000
-859190.7789397109000
-858971.0257459959000
-858662.1542216879000
-858291.6406717396000
-858001.1966299430000
-857617.8753214305000
-857440.0185390880000
-857217.2430307190000
-856945.3359675994000
-856804.9927446273000
-856452.2595079857000
-856138.1263765650000
-855827.9767222626000
-855540.8361391944000
-855347.7326919412000
-855188.2289882755000
-855036.8699112248000
-854814.3375608887000
-854488.5080699731000
-854161.9897901943000
-854071.9484577955000
-853845.9885380915000
-853722.9471623666000
-853547.2875873909000
-853321.9278178344000
-853201.0860456886000
-853206.4269599105000
-852837.2856821287000
-852757.9901872204000
-852707.7228050838000
-852467.2088452089000
-852402.2521082979000
-852216.1809573097000
-852100.6239043125000
-851844.8012735440000
-851696.2775349542000
-851646.9650985339000
-851467.8240297610000
-851248.9640570872000
-850982.0685757360000
-850929.2018148580000
-850819.7044287990000
-850824.2780135241000
-850688.3381607890000
-850617.6539239726000
-850408.3494771508000
-850206.4712395963000
-850093.8658084786000
-850052.0523208076000
-849958.7715761273000
-849877.4142141907000
-849705.2471281937000
-849506.8195867464000
-849514.3064716932000
-849474.3672283958000
-849335.1712395999000
-849377.6138583771000
-849366.4111771705000
-849126.4699773436000
-848962.7381936777000
-849082.5876732979000
-848905.2967950088000
-848792.7594696687000
-848837.0949201374000
-848688.8994301148000
-848714.0165039283000
-848578.9671473926000
-848552.9852815777000
-848240.2112591832000
-848222.2050956904000
-847984.3254479250000
-848045.2366623201000
-848010.7322239475000
-847935.6765050298000
-847798.8539456534000
-847654.0172901120000
-847514.5587626100000
-847482.9798919870000
-847382.4839157622000
-847337.5882472706000
-847205.5173048263000
-847165.2964423698000
-847021.8940712150000
-846960.8758795560000
-846792.8539137912000
-846666.9607623114000
-846696.5477016262000
-846705.6525424771000
-846748.7639933905000
-846665.7476012271000
-846757.4587101476000
-846633.1754934047000
-846516.3458883811000
-846459.4736829951000
-846517.1447532349000
-846351.7964657710000
-846389.2427209755000
-846237.0289460839000
-846251.9221999788000
-846288.0926656334000
-846202.9465044807000
-846097.3744506576000
-846149.9222812726000
-845980.6835064887000
-846084.7244021556000
-845847.0692121645000
-845949.4574311062000
-845796.0314584514000
-845864.3929468449000
-845872.9162099500000
-845793.8309367292000
-845850.9473097963000
-845860.0664558874000
-845759.1996685879000
-845845.7630215341000
-845611.6305022661000
-845766.3062096204000
-845689.0007014831000
-845593.5036091508000
-845470.5488745164000
-845514.1700599378000
-845527.1326440101000
-845460.4294733985000
-845391.3203523085000
-845386.5148158971000
-845318.7452198757000
-845289.5742955685000
-845219.9776738656000
-845140.7171759362000
-845148.1691481543000
-845128.3178108053000
-845112.6165948843000
-844964.1006119861000
-845035.2739504793000
-844899.0368649418000
-844904.6719144122000
-844981.3698075665000
-844917.2051731540000
-845072.0244033672000
-844744.2566998078000
-844879.2877409176000
-844598.5987192764000
-844597.7793093462000
-844725.7438255488000
-844548.8798229779000
-844567.0769093322000
-844434.3090233282000
-844429.1302692407000
-844505.0660584598000
-844416.4181092940000
-844323.6580741585000
-844211.5488645525000
-844256.8924891743000
-844234.5911245852000
-844187.2445983835000
-844334.0343782349000
-844111.5584577767000
-843933.4677771052000
-844095.0299313002000
-844144.5792324769000
-844106.0923129892000
-844177.9237294403000
-844079.3870728200000
-844026.5900766865000
-843910.5624029547000
-844034.9791597024000
-844084.8564022087000
-843946.2423535987000
-843824.3086263980000
-843875.9275758408000
-844122.5969729575000
-843909.1648452417000
-843794.6204035498000
-843662.0921370743000
-843766.9257123183000
-843836.3679279034000
-843792.6012631715000
-843875.7033963795000
-843882.3633975400000
-843625.4755844128000
-843800.4175459724000
-843656.6552358965000
-843641.4407342192000
-843696.7076265712000
-843939.7954617572000
-843673.3868234517000
-843588.3251767076000
-843738.0894385306000
-843594.2175307724000
-843561.7846094577000
-843494.9130067844000
-843357.9124610187000
-843569.9260215089000
-843371.4216534225000
-843450.9168796467000
-843383.9429261038000
-843406.0395187382000
-843648.5092527130000
-843506.7123044552000
-843498.3254188581000
-843549.7211631846000
-843462.6098578065000
-843439.4431412067000
-843264.2852365248000
-843098.8560823640000
-843123.2797812010000
-843179.8004375764000
-843245.5725967811000
-843095.5618024766000
-842987.1884038963000
-843171.5431675084000
-843178.1265244348000
-843186.9729837320000
-843245.3288228741000
-843155.7619222233000
-843131.3701975958000
-843295.3091700273000
-843216.5526500418000
-843302.4198648790000
-843121.7179262325000
-843276.4471645714000
-843250.2125431941000
-843171.3598066338000
-843277.2756866417000
-843187.0061412452000
-843105.5794303914000
-843305.6188497216000
-843210.8144890836000
-843028.9803909898000
-843049.0513027501000
-842921.5980682619000
-842947.4537111219000
-842975.2378935245000
-843142.1029388404000
-842992.3447307766000
-843074.3705906543000
-842980.5439881142000
-842935.2285215394000
-842881.7178869266000
-842826.3016003630000
-842791.6767051505000
-842696.2579327133000
-842759.7459307916000
-842729.6569903892000
-842854.7448030252000
-843063.5096478369000
-842870.4565863879000
-842848.3034135847000
-842893.9535897895000
-842794.3274250109000
-842912.5753547549000
-842901.1946072889000
-842857.9347653339000
-842822.1269396285000
-842759.8764824833000
-842783.2054484843000
-842718.0993729604000
-842743.5948565237000
-842754.8003615347000
-842742.4750657952000
-842562.4522631654000
-842605.3663599929000
-842736.9873681039000
-842720.7692945243000
-842606.0634073241000
-842839.3845405631000
-842867.3882637476000
-842741.3647764401000
-842798.0982547882000
-842628.1311155977000
-842749.6560663382000
-842783.5812551284000
-842776.2761803388000
-842621.3673030871000
-842570.6093006181000
-842561.5782648887000
-842573.0923887425000
-842667.9011051945000
-842600.1374901498000
-842606.2795822090000
-842495.0896278229000
-842560.3126317068000
-842487.1505515246000
-842352.6921900287000
-842295.0411232595000
-842452.1749329561000
-842404.0259385790000
-842456.4764363037000
-842361.9602297007000
-842408.8361780253000
-842357.9355448287000
-842483.8222862850000
-842495.9459384274000
-842400.3028259262000
-842393.1728139766000
-842366.8043466078000
-842256.2279744823000
-842213.3756608042000
-842325.7234995903000
-842228.8657199669000
-842233.5484371961000
-842249.6833624620000
-842126.3150563556000
-842092.8606480751000
-842373.3202661875000
-842206.5451960027000
-842285.4263767527000
-842333.9914265937000
-842263.9396800454000
-842250.7145346490000
-842150.7453618094000
-841956.6001347802000
-842036.4400228068000
-842004.2218461008000
-842103.5318340502000
-842281.6612787269000
-842226.8982995860000
-842152.2104682158000
-842035.0474457797000
-841921.8782228491000
-841889.0660771882000
-841941.0266021250000
-842041.9415355336000
-841946.4479547481000
-841876.9333171921000
-841948.0823580335000
-841852.5580665752000
-841993.5416109061000
-841922.3542279783000
-841906.1804701088000
-841928.5152993771000
-841966.4580604470000
-842011.7410060709000
-841988.6468969054000
-841993.1055324303000
-842041.5726180453000
-842022.0109825835000
-841953.5377101726000
-841922.1647813421000
-841977.7606014865000
-841794.4906707784000
-841721.1503385270000
-841795.5086872955000
-841646.0164031512000
-841750.9158930106000
-841784.8136243513000
-841519.0222879000000
-841462.9608913648000
-841573.1255056377000
-841576.7308502072000
-841628.7393529069000
-841611.4811134494000
-841566.4168928992000
-841527.3933733255000
-841559.6193151994000
-841514.5753070123000
-841556.9443408774000
-841601.7132783842000
-841554.5036625043000
-841590.5123925586000
-841566.5276240652000
-841442.9629682319000
-841556.4862742248000
-841613.0690449931000
-841666.9209925653000
-841826.4364172831000
-841684.3115524743000
-841743.7803037597000
-841518.2080183312000
-841403.7282304524000
-841612.0789116054000
-841442.1568805096000
-841463.4504345491000
-841458.2398948375000
-841423.6515536127000
-841458.9331525898000
-841518.1240489852000
-841361.3230783774000
-841259.2596381016000
-841361.9113465619000
-841472.1578483967000
-841366.6502411211000
-841313.1507648623000
-841381.0684457402000
-841520.6769440362000
-841655.9844359471000
-841453.5993780277000
-841573.0229784686000
-841507.5283857672000
-841607.4007648439000
-841493.8186675825000
-841430.4576477316000
-841463.0293304527000
-841424.5533328872000
-841499.5722385175000
-841483.8781846988000
-841431.6273626134000
-841518.9640836699000
-841582.5868665088000
-841546.1634270941000
-841601.6053512767000
-841522.9636487623000
-841507.1969261658000
-841496.9818310185000
-841372.2844521830000
-841540.0976307066000
-841541.0144091462000
-841406.0739517289000
-841405.1364675278000
-841465.6932392981000
-841363.1057329668000
-841394.1700209094000
-841357.7866948862000
-841378.6574655602000
-841300.7828110851000
-841350.9885584617000
-841197.5785355641000
-841142.9789092304000
-841175.4241783428000
-841171.7087867124000
-841167.5486363762000
-841319.2916802489000
-841293.1711196383000
-841093.4926002127000
-841210.4362519502000
-841344.7172309340000
-841246.3195571863000
-841304.6749059155000
-841274.5899325156000
-841213.1065275676000
-841311.7799682012000
-841482.9734008000000
-841377.4262100287000
-841204.0635379326000
-841423.0662018402000
-841345.9712158007000
-841412.9879595755000
-841291.7669550724000
-841318.6596746361000
-841109.8437258990000
-841155.3064011830000
-841153.6132124253000
-841149.8337165752000
-841170.3279169210000
-841059.5553550168000
-841204.5989938100000
-841281.4121919038000
-841203.0815150667000
-841187.2440262442000
-841173.8958394146000
-841187.8129335964000
-841483.9211307274000
-841299.7752152061000
-841185.8005062009000
-841262.2079475933000
-841327.0595004801000
-841312.8786748265000
-841459.5558477575000
-841319.1717441074000
-841294.3509515012000
-841282.7596142165000
-841189.3976006533000
-841160.0343524305000
-841274.4765442532000
-841230.9327004721000
-841170.1470441015000
-841336.8641526545000
-841191.8206844698000
-841289.6909516860000
-841181.1009416620000
-841202.4150834003000
-841214.4051172710000
-841259.2488320763000
-841206.4684787155000
-841031.9932495100000
-840907.9369547487000
-841089.9574595480000
-841054.3819565261000
-841019.0532241870000
-841127.9150298590000
-841075.1991714251000
-841065.1287810379000
-841204.8218311087000
-841031.8049886631000
-841186.6352143711000
-841202.4723422168000
-841133.1327068630000
-841270.2523220283000
-841108.0406149634000
-840957.5254383427000
-840973.1625118183000
-841174.2079050039000
-841204.7624038431000
-841301.8891574999000
-841079.5359146246000
-841035.4910454222000
-841117.8506718059000
-841267.2693360931000
-841326.0525968096000
-841120.5083472629000
-841251.9846794839000
-841253.4490070092000
-841287.3008388176000
-841233.2129815613000
-841150.9839176382000
-841094.4543133826000
-841131.4235477397000
-841203.1833970746000
-840957.6264338368000
-841028.6285451256000
-840990.9568651798000
-840939.1718306482000
-840980.9040409123000
-840936.3915365384000
-841113.6053647503000
-841184.2999941171000
-841169.4713293626000
-841144.4679823827000
-841194.7362636328000
-841078.4580726913000
-841263.5249491574000
-841203.6876775055000
-841255.9312782638000
-841243.0402232505000
-841247.7618922413000
-841277.0695903852000
-841027.8977398119000
-841168.1482188669000
-840987.9381759334000
-841053.4715634848000
-841020.6506719374000
-841114.2766456844000
-841071.4054442473000
-841119.1932960140000
-840996.8647661872000
-841141.1902719097000
-841077.5628419992000
-840994.5193365936000
-841153.8516391080000
-840950.3716714540000
-841127.6770426136000
-841076.4801525935000
-841229.9343679830000
-841005.5662944015000
-841055.6211864834000
-841091.7002672142000
-840984.6841371010000
-840902.0209742851000
-840972.2392555359000
-841007.8984721376000
-840912.3854485387000
-841102.7290317103000
-841142.0338414443000
-841122.5272499924000
-841094.0119391556000
-841203.4177801175000
-841090.1327955158000
-841061.5758191384000
-840956.1907583275000
-841143.9668827944000
-841131.2209309523000
-841292.5714280740000
-841080.9623610771000
-841118.9763833991000
-841079.5038273014000
-841158.6932649840000
-841184.9680427824000
-841322.4489930245000
-841125.2010608913000
-841142.4794359924000
-841191.3532585802000
-841250.3054720953000
-841118.6535300465000
-841054.9346922466000
-840993.3556543728000
-841094.2593046060000
-841026.3760377505000
-841024.6144626698000
-840978.0702725699000
-841098.2176052487000
-840934.9083902986000
-841132.4500507409000
-841055.0770894810000
-840990.9002790238000
-840952.1688322471000
-840972.2497483869000
-841026.0304020196000
-841117.3585475911000
-840946.5594510945000
-840745.1630063110000
-840973.6056652826000
-840878.2444791446000
-840862.9684308873000
-840968.0916304714000
-840902.9329235543000
-840789.9716585206000
-840726.0396551597000
-840777.9062653350000
-840770.8902269703000
-840762.2473206803000
-840750.1053989244000
-840675.2508249483000
-840843.7378299008000
-840807.2162545286000
-840774.1752812912000
-840794.9138794311000
-840739.3056573359000
-840695.2017633695000
-840750.3613104078000
-840703.8490054293000
-840819.5066966137000
-840915.7313944045000
-840909.4508949948000
-841005.6789532377000
-841137.8975466095000
-841104.9684027305000
-841044.1125879969000
-840973.2769678939000
-840929.1733533168000
-841003.7353199921000
-840932.1205379065000
-841053.4234840544000
-841108.4706666758000
-841182.2193340300000
-841120.2995917166000
-841141.8039956911000
-840899.6523370180000
-841035.0442658642000
-840999.1308972976000
-841096.1096552989000
-840979.3921596373000
-840959.0319466518000
-841006.4967153203000
-841034.8977577874000
-841011.8634944597000
-840852.5344043566000
-840944.3397112583000
-840961.0035576648000
-841091.9634386633000
-841036.1573874423000
-841103.0936387493000
-841109.2401180450000
-840992.7062874201000
-840994.2808026916000
-841043.0382607013000
-841008.9974933036000
-841105.1224372075000
-841046.4115706305000
-841023.4297921094000
-841065.4497723978000
-841033.2468698113000
-840928.0080375993000
-841177.6132225931000
-841108.2146815452000
-841087.7425582352000
-841093.8357931047000
-841129.3060422157000
-841054.6991569779000
-840972.8471778249000
-841019.0743358908000
-840959.7614974870000
-840998.9634326576000
-841021.9894835284000
-840984.7751333269000
-840898.7160982119000
-840833.9280859125000
-840954.5522957366000
-840960.7463717223000
-840943.1915918323000
-840840.6386606381000
-840925.9108036221000
-840957.4458836191000
-840961.4500032334000
-840802.6143134729000
-840566.8937556646000
-840768.8851821430000
-840791.8740416024000
-840723.2406638233000
-840781.8004648505000
-840951.3361218694000
-841007.2894996419000
-841088.1181437602000
-841101.9183023861000
-841169.2115100509000
-841175.1439422378000
-841115.0951667909000
-841028.9711336001000
-841170.5303492291000
-841029.8585740911000
-841030.1027093786000
-841262.1458200642000
-841042.8930104803000
-841023.1852650957000
-841006.4539539701000
-840771.8094375721000
-840959.4645789963000
-840808.5295761403000
-840819.4719340439000
-840653.0720639285000
-840903.0251779480000
-840911.9705935989000
-840893.1242892080000
-840903.1618370925000
-840794.8749380317000
-840880.8907544910000
-840899.8840900073000
-841039.4786218384000
-840777.0660911541000
-840841.9083074100000
-840945.4815215615000
-840907.3503474282000
-840925.3032197437000
-840895.4157357368000
-841027.5889828809000
-841024.1303402474000
-841068.3099139936000
-840939.8112779936000
-841005.6224757114000
-840971.5587424630000
-840951.5786818390000
-840885.9108437089000
-840953.0384399493000
-840822.5082861983000
-840882.8823653215000
-840906.6040418012000
-840909.4688674252000
-840913.7797003014000
-840909.0032697784000
-840893.4236377875000
-840914.5796283835000
-840793.0192890797000
-840684.0465427511000
-840825.8610191481000
-840613.0960189862000
-840576.7818048843000
-840600.2073820409000
-840641.7414423483000
-840520.7192534495000
-840514.7049268722000
-840449.8093118129000
-840549.2153897780000
-840557.6075750589000
-840580.5886213358000
-840640.8589387685000
-840786.6910797963000
-840865.7875125497000
-840781.7825254704000
-840831.1478132587000
-840761.6226154118000
-840695.2026282635000
-840740.8584453560000
-840739.3282705643000
-840792.7980230158000
-840686.8006676341000
-840749.3814036826000
-840765.3073750344000
-840694.3291657290000
-840639.5997004688000
-840635.1148568782000
-840682.7402167905000
-840646.0780758348000
-840668.9297945962000
-840760.7823390611000
-840855.4369948704000
-840940.5147686600000
-840838.5659966947000
-840842.7770219754000
-840715.6023916452000
-840636.8991664054000
-840653.8116610076000
-840672.8586982457000
-840588.8694279130000
-840650.5056983328000
-840727.2743745603000
-840752.4146822363000
-840876.3873900896000
-840809.3333011989000
-840819.5778569289000
-840793.7904767552000
-840764.4046698723000
-840661.2806154432000
-840788.9281359244000
-840723.5216398564000
-840767.1216143699000
-840886.6325106582000
-840783.9483910290000
-840761.2074807861000
-840770.0428593528000
-840887.2657325317000
-840846.0093357663000
-840794.8201467311000
-840864.6722217355000
-840935.4036822813000
-840821.6245006848000
-840996.7081081413000
-840973.0792819991000
-841022.5446905504000
-841185.2114835801000
-840973.4823857509000
-841009.9393575334000
-841119.3881727247000
-840999.8054256473000
-841050.4869960399000
-840997.5788535490000
-841130.6982578028000
-841218.5423048424000
-841212.8562193057000
-841203.3229070937000
-841054.0956647592000
-841143.6674081986000
-841188.6244928894000
-841064.4413860958000
-841169.9443384362000
-841297.0039731376000
-841313.7985174336000
-840973.3811763197000
-841014.0329768336000
-841073.7991622911000
-840932.9943103918000
-840862.1595380786000
-840807.2696419260000
-840760.3693042668000
-840787.0326775070000
-840711.4137482321000
-840880.3107484220000
-840941.2764100690000
-840950.4786138188000
-840925.6867514936000
-840911.2302165683000
-841063.9459709038000
-841020.5591474323000
-840960.4537147560000
-841095.1752310063000
-840884.7821164251000
-840988.0741384024000
-840900.5419713908000
-840832.6807640830000
-840992.2076089048000
-840887.9497778359000
-840982.6315640322000
-840893.2084787824000
-840939.2345766282000
-840896.3140707335000
-840965.7399582429000
-840928.5078975201000
-840871.9669679591000
-840950.3716947269000
-840948.6282419330000
-840976.6799637813000
-840823.1324192390000
-840951.2045056038000
-840883.7825731151000
-841043.0834577709000
-840862.4120304364000
-840681.0199510644000
-840903.0048688347000
-841018.8434599937000
-841078.1748573290000
-841021.9986031089000
-840864.5547390687000
-840935.5351123200000
-841111.7859660814000
-840857.7287210537000
-841006.8593556706000
-841109.3502601812000
-840996.1225882227000
-840959.1551432768000
-841049.5280271545000
-840902.2371126101000
-840763.0113291374000
-840740.5801164812000
-840738.1868550454000
-840974.4079274785000
-840873.1472488590000
-840948.2568974068000
-840982.9020189057000
-840905.0549293691000
-840835.5134865282000
-840776.2700256654000
-840645.1299562460000
-840887.0374065439000
-840756.2585658896000
-840872.3916809630000
-840847.2740339483000
-840829.7644563931000
-840831.6031544986000
-840971.5823299974000
-840943.5999074600000
-840827.0306252656000
-840827.2458417540000
-840850.2730623598000
-840783.9823505614000
-840842.6664018297000
-840842.9927902785000
-840822.8406648105000
-840850.2754766595000
-840782.3735624811000
-840882.6119571030000
-840783.8246233900000
-840970.8656309356000
-840856.9000170011000
-841008.7288959643000
-840955.6817863617000
-841074.7514053637000
-841142.5409792444000
-841059.1825654866000
-841055.8208694066000
-840905.6555948948000
-840920.5757728053000
-841029.1609016652000
-841038.7451579163000
-840890.8033751282000
-840998.1493092744000
-840974.3143057874000
-840948.6642995889000
-840948.2534382957000
-840855.1093842566000
-840972.0290148522000
-840875.5991856103000
-840876.6071789059000
-840715.7176688646000
-840851.9010404691000
-840820.6621385934000
-840944.9294954876000
-840836.2840693437000
-841069.3784965738000
-840866.4555975920000
-840846.8438961081000
-840832.2103856318000
-840916.8184421739000
-840866.2021883825000
-840901.3199135171000
-840826.8420166078000
-840812.5010303946000
-840780.4113738613000
-841182.0222693422000
-840988.3511822282000
-841049.8101947060000
-840918.5194190007000
-840836.5086676455000
-840852.9400690282000
-840818.6730872457000
-840840.5287907812000
-840998.2561652226000
-840848.5986445985000
-840937.7362632508000
-840904.9069963455000
-840709.0174597999000
-840814.9083309470000
-840658.9933452613000
-840867.6803029191000
-840759.3544891253000
-840773.7044054916000
-840807.5260372840000
-840716.9465778643000
-840572.4748546244000
-840507.3046172926000
-840549.6971642852000
-840478.9813895364000
-840276.6418031085000
-840496.0052595292000
-840572.7990494665000
-840657.5820627330000
-840630.9855512428000
-840657.8663963389000
-840827.6503439172000
-840735.5562923973000
-840723.4816078044000
-840805.0888936707000
-840823.7996348892000
-840756.3938346248000
-840812.7834960060000
-840629.0733239497000
-840574.5739251818000
-840569.1267024168000
-840653.5374549836000
-840566.5743642951000
-840474.1403317237000
-840532.1239656998000
-840512.1237381429000
-840527.8345443633000
-840540.3489450032000
-840571.4015860197000
-840638.7058413278000
-840675.0359624610000
-840740.7456746844000
-840649.4959898078000
-840728.1927132282000
-840696.5596196085000
-840667.2788644340000
-840590.3573000594000
-840540.1728793555000
-840503.7588238469000
-840575.5401696798000
-840627.6723723027000
-840604.2506964606000
-840789.2875523253000
-840851.5432606589000
-840826.4435796039000
-840698.9228976317000
-840719.8183932388000
-840678.5553165418000
-840798.7763057769000
-840803.7990504666000
-840781.8452135227000
-840817.0166190411000
-840837.8695313213000
-840574.8875359001000
-840761.1326982854000
-840651.8194972157000
-840718.1548834934000
-840727.2876329157000
-840755.9140835324000
-840700.7499413725000
-840723.1577080508000
-840607.3336352429000
-840748.3875047951000
-840827.3059382271000
-840780.7426456609000
-840729.6970043143000
-840714.8114095643000
-840736.5902417025000
-840756.4524749353000
-840844.3347426971000
-840593.9454773340000
-840555.9795979966000
-840870.5593402162000
-840908.2040593725000
-840816.8643465348000
-840847.5369844065000
-840781.2106899628000
-840813.5571982797000
-840753.6863621819000
-840546.2338032296000
-840838.7997432417000
-840704.0715845652000
-840692.0299912171000
-840654.1224847366000
-840708.0557104945000
-840601.9631442118000
-840550.4781494112000
-840613.6293713147000
-840852.1587482697000
-840773.4860311667000
-840879.2248600693000
-840769.0841883575000
-840981.4475167532000
-840739.7536819144000
-841011.4061740041000
-841091.7386615156000
-840943.9401312593000
-840993.7890911677000
-841002.7624620670000
-840987.3028500341000
-840756.3347687814000
-840809.5453045770000
-840814.0433298844000
-840811.9211001540000
-840840.1820513902000
-840922.0024630089000
-840869.8939647562000
-840828.7163005478000
