-907738.2073453851000
-900690.9874102031000
-895232.6358159597000
-891296.6486038371000
-888130.9690378853000
-885614.8737745010000
-883606.7640272724000
-881830.2800163656000
-880325.9813803196000
-879053.8010887976000
-877869.3832663936000
-876911.0274873018000
-876195.3232584113000
-875393.4443307951000
-874464.7106776629000
-873672.5787522330000
-872928.5795674117000
-872281.8427159922000
-871606.8335311278000
-871055.2077579962000
-870544.5381693073000
-870171.3654814987000
-869582.0253201098000
-869284.1624722052000
-868747.8422071400000
-868435.7796578648000
-868119.1964113289000
-867611.0059917341000
-867194.9738182220000
-866767.7842103405000
-866438.2110692157000
-866050.1511506021000
-865637.9852612789000
-865312.8531205337000
-865130.9532478842000
-864864.5987183064000
-864520.6931620341000
-864146.5754403517000
-863890.7000220674000
-863713.0145029561000
-863345.3455873762000
-863088.3439070780000
-862887.4651720627000
-862693.4730810350000
-862491.1328807240000
-862219.0633127221000
-862102.4195179110000
-861976.6299283950000
-861687.4591115979000
-861516.3928291574000
-861351.4868842683000
-861170.9209415957000
-860860.7037102465000
-860574.6640551742000
-860570.7136534889000
-860481.7294964801000
-860135.6220120894000
-859876.9324412964000
-859797.8108763477000
-859618.8989596035000
-859411.9201552878000
-859239.0706662004000
-859110.9819545394000
-858890.5570815657000
-858706.9290398014000
-858637.7267912381000
-858514.1639531897000
-858340.6567459529000
-858283.7217448121000
-858074.7515261646000
-857989.4876729281000
-857766.5580084249000
-857555.5411979583000
-857366.8884446207000
-857315.1877920579000
-857115.1037559614000
-856976.9797281303000
-856795.4492510922000
-856829.4566421447000
-856632.0691434193000
-856531.8413312368000
-856436.2083210618000
-856299.7082116250000
-856170.6650969628000
-855983.4768188722000
-855876.2281969371000
-855789.3687772395000
-855635.4838566738000
-855564.6916956311000
-855485.0843000519000
-855315.0786366455000
-855197.0243127594000
-855139.2088131718000
-854991.7711680917000
-854980.6308408502000
-854871.7133048865000
-854774.8020650147000
-854642.3428998350000
-854505.6124307160000
-854494.9664311125000
-854471.7823820890000
-854383.3702104401000
-854261.2307721043000
-854085.1891713160000
-854015.7503068425000
-854126.8391215398000
-854017.2274100444000
-853853.8596019761000
-853840.3426621518000
-853744.1919458575000
-853599.4210936317000
-853588.8177118002000
-853377.3482209477000
-853331.9683556620000
-853151.5206164466000
-853128.6473162882000
-852979.6966968027000
-852976.7525861177000
-853007.6984270606000
-852919.2334515182000
-852734.0155629353000
-852582.9168021827000
-852593.8323382967000
-852636.7001071527000
-852533.1189899115000
-852555.4322317701000
-852359.6925918217000
-852297.1505140983000
-852291.9744260064000
-852285.4981017613000
-852252.8468170138000
-852109.9118236010000
-852019.8463978631000
-852075.0545442848000
-851877.6163870188000
-851833.9321292365000
-851829.4420226340000
-851748.6023236680000
-851741.0301033420000
-851647.8374687854000
-851610.5658908096000
-851529.7232742559000
-851520.2131682766000
-851539.0155284819000
-851379.9818886893000
-851314.8988388035000
-851307.0868523066000
-851305.0706214078000
-851194.6352198997000
-851213.2178400221000
-851134.9644691948000
-851093.9492369731000
-850921.3108461859000
-850890.3514414605000
-850828.3666860285000
-850798.9184874204000
-850744.8989877035000
-850661.1356711710000
-850716.0047427245000
-850603.0596497945000
-850559.2668506205000
-850520.3496897903000
-850426.7193009580000
-850393.2630747097000
-850357.3799428894000
-850306.9156732250000
-850206.0712657318000
-850244.2731706176000
-850142.9698289996000
-850153.6598744995000
-850136.6450921904000
-850108.8637763225000
-850065.8871287735000
-850003.3604917147000
-850027.6118511560000
-849961.0783877877000
-849869.5503985363000
-849821.1010017039000
-849875.3551778308000
-849700.8065055518000
-849689.7575111825000
-849691.1970946463000
-849622.4549197912000
-849617.8090001254000
-849620.6376196846000
-849536.4049327179000
-849562.0631954384000
-849536.7057654199000
-849460.0070671095000
-849307.1397736884000
-849171.3399233140000
-849150.2328742236000
-849168.1171727530000
-849174.2788304923000
-849083.2424161828000
-849146.8803944781000
-849098.2141189955000
-849108.9934140856000
-849143.0157332631000
-849087.2932978815000
-849107.0146431755000
-848870.3082247573000
-848923.8754750749000
-848913.5870590188000
-848821.1491139513000
-848858.4208929088000
-848846.1867254087000
-848767.5522754033000
-848748.1131326401000
-848749.4629679719000
-848758.9517875041000
-848576.7902948105000
-848495.2874931565000
-848586.9854575370000
-848549.1786803115000
-848624.9222793820000
-848528.5047410959000
-848496.6376744776000
-848465.9970781878000
-848508.3336488348000
-848406.1422908165000
-848451.6038861810000
-848419.6794600326000
-848440.1464976530000
-848356.7909810232000
-848369.1542841156000
-848305.5531921583000
-848336.3754876019000
-848308.3274154423000
-848218.1617040930000
-848138.5065444874000
-848212.6361907911000
-848166.4704962474000
-848138.4755531024000
-848228.3774222928000
-848188.9018566435000
-848148.5905056451000
-848135.1926816918000
-848169.5725223174000
-848015.8467205266000
-848032.8153304022000
-847993.4917077402000
-847974.7230757626000
-847855.9994830510000
-847882.1530941186000
-847806.2886522353000
-847843.1702283846000
-847786.5065548542000
-847750.1463919353000
-847725.7376002459000
-847786.4084913906000
-847742.1069116435000
-847685.8614847728000
-847662.2042606729000
-847604.1479117137000
-847657.0144539690000
-847652.4289943709000
-847624.6119262428000
-847611.9648537659000
-847496.0533690426000
-847553.4891482744000
-847609.4985016122000
-847509.5113281395000
-847455.6238586121000
-847407.4732677195000
-847437.1457836264000
-847525.0989132390000
-847391.1864107350000
-847344.2916283405000
-847380.8702154921000
-847172.4179616967000
-847153.8472358616000
-847171.8786229931000
-847111.6312597749000
-847119.4152566403000
-847076.9411671277000
-847032.1604100317000
-847113.7046509451000
-847109.0404826341000
-847079.7931124622000
-847041.2576579951000
-847208.2476044111000
-847008.6826694622000
-846952.4090407125000
-846910.3687800047000
-846909.7096770873000
-846812.8338148230000
-846679.3107940865000
-846663.5658227385000
-846679.8422229567000
-846636.2469495913000
-846737.3107374388000
-846729.8241340338000
-846700.3245557287000
-846643.7424745394000
-846572.8719599767000
-846565.8890201272000
-846574.0560955820000
-846595.6425426655000
-846530.1708625073000
-846443.3091736960000
-846568.8988234727000
-846472.6918072575000
-846495.2130194833000
-846429.2102407217000
-846442.6242843063000
-846381.2559494307000
-846377.6886164650000
-846327.3531606804000
-846337.4325377896000
-846310.9008692494000
-846363.6336270813000
-846306.4288887951000
-846371.1620971517000
-846359.2751043487000
-846245.5989938892000
-846263.4713199942000
-846307.2717156817000
-846249.3966247535000
-846218.6830338247000
-846202.5552964059000
-846138.4242884768000
-846133.8573246058000
-846209.4679680597000
-846194.8709551544000
-846144.8545174653000
-846151.6052686326000
-846086.7370700887000
-846112.1770996301000
-846072.8999960559000
-845954.7107322846000
-846028.6413343522000
-846024.0328316569000
-845908.7273306922000
-846004.4991990224000
-845981.5345469572000
-845932.4360971148000
-845942.5888729313000
-845807.8195622128000
-845856.4302582562000
-845671.8671281631000
-845756.0850320740000
-845860.6596045453000
-845789.0824190710000
-845766.3133909698000
-845684.0491890447000
-845702.1623517570000
-845746.7068763939000
-845609.9582335858000
-845649.9547327675000
-845574.2693899241000
-845602.8039672453000
-845612.0835582529000
-845685.3624674699000
-845598.8667838121000
-845497.1000244030000
-845543.5492695337000
-845536.0969168514000
-845454.7905973708000
-845427.1586251400000
-845322.6440348275000
-845364.3435087624000
-845300.0043844472000
-845341.0518392392000
-845317.7117443577000
-845365.5287548078000
-845329.7138047143000
-845315.5280624451000
-845281.0847032220000
-845276.1858901945000
-845300.7230238006000
-845277.9487516044000
-845322.3688928741000
-845231.7157286265000
-845331.9830633145000
-845293.2347992557000
-845211.4070411113000
-845286.8075317972000
-845237.1923633101000
-845105.4280572267000
-845113.6664199630000
-845122.3046909317000
-845165.0433617755000
-845307.5217972870000
-845162.6839542658000
-845267.3352524979000
-845125.9973057394000
-845076.3461956443000
-845117.0314542801000
-845094.9278750888000
-844952.9434933884000
-845076.9693961500000
-845142.7398090902000
-845083.6537491308000
-845139.0935014476000
-845099.6624322025000
-845069.0571044327000
-845092.6822423693000
-845099.0436132939000
-845049.3764804204000
-844978.1225450356000
-845038.0318962376000
-844964.3724021484000
-845004.4846344747000
-844933.4085307725000
-844933.9844931570000
-844851.8757004191000
-844908.9844088252000
-844936.7866469455000
-844891.5567775719000
-844921.5710959662000
-844845.5338302857000
-844965.4113585853000
-844888.4369038349000
-844838.7828548519000
-844813.5904485942000
-844712.1090764371000
-844722.3124061931000
-844638.9457699700000
-844559.5333273434000
-844661.4917360733000
-844635.0141476111000
-844628.8402252556000
-844643.4522867608000
-844646.8305700617000
-844607.5324259229000
-844531.7463818622000
-844533.8108599627000
-844485.2415645882000
-844396.6933993429000
-844484.3922463527000
-844425.8144217901000
-844461.4534300884000
-844475.3930851137000
-844593.5602939769000
-844448.8210453199000
-844404.1482010437000
-844423.6780117690000
-844468.3033459623000
-844427.6864576712000
-844490.1479491171000
-844372.1661644813000
-844360.3527164824000
-844243.9827720643000
-844292.9314532146000
-844175.0626745714000
-844255.4554508767000
-844290.0380804880000
-844323.8208717562000
-844320.6097144024000
-844310.3706145405000
-844320.8026999562000
-844214.7707370828000
-844190.5173558218000
-844250.4349538703000
-844226.4624382787000
-844231.8539854520000
-844256.1114757535000
-844260.1421818923000
-844218.8042896157000
-844095.2368957469000
-844089.3488722161000
-844097.7196561114000
-844056.8212735524000
-844087.6675006028000
-844154.3636131521000
-844080.3607186833000
-844111.6504716380000
-844119.2499578192000
-844050.4515032612000
-844068.9199192415000
-844066.1107499648000
-843958.0472464588000
-843982.7395944666000
-844088.7266348674000
-844085.0947520017000
-844097.9684436307000
-844075.0493033628000
-843889.8172979540000
-843878.8934781952000
-843909.1943837655000
-843855.1612487058000
-843892.1275962184000
-843887.9141472940000
-843943.3103589099000
-843919.1819293215000
-843767.7659516484000
-843902.4018439126000
-843756.3787233499000
-843701.1792386037000
-843747.8082901399000
-843797.9928085626000
-843768.3801668192000
-843699.2522651579000
-843719.3779484574000
-843816.4517892548000
-843722.5881772760000
-843679.4446820880000
-843757.8512643357000
-843737.8346490920000
-843704.3544695570000
-843685.7135347326000
-843600.8856282802000
-843648.8506997154000
-843624.5849590010000
-843631.4976132083000
-843721.8207779916000
-843604.2884264255000
-843713.3807784838000
-843711.7987911572000
-843715.2359104680000
-843664.0547014820000
-843640.9133896787000
-843545.5784810921000
-843635.1906487742000
-843588.2685845932000
-843693.9857794921000
-843639.3797935727000
-843592.0740187424000
-843624.4799608394000
-843528.4064756810000
-843491.1878133898000
-843489.3818379069000
-843558.3995679008000
-843607.9013568445000
-843540.5382078841000
-843628.5626593780000
-843511.8555282458000
-843588.8286174343000
-843595.8330424025000
-843575.3094882983000
-843557.3257963620000
-843563.9938965744000
-843524.9503774336000
-843365.4778665195000
-843414.5624701490000
-843388.3727757726000
-843454.6672203132000
-843313.3142075764000
-843280.2829600504000
-843389.8577095938000
-843404.6782629853000
-843459.2983145470000
-843364.2587234215000
-843302.3237024155000
-843273.0457459545000
-843276.4530586735000
-843278.0976391546000
-843324.3399824976000
-843378.3590855356000
-843411.3455569784000
-843422.1062172097000
-843457.1158678979000
-843380.9270661840000
-843328.6073488478000
-843360.9919844348000
-843244.1781071195000
-843339.6432250509000
-843415.6130915114000
-843398.5361592426000
-843433.3628103238000
-843325.0676012499000
-843357.5841694155000
-843352.6627121149000
-843285.2558257509000
-843228.5726558233000
-843251.4704997392000
-843156.5684041550000
-843246.3421674417000
-843139.0550637627000
-843318.1083498818000
-843124.2462317270000
-843072.4156393879000
-842959.9912333157000
-843048.2465778848000
-843035.6705943793000
-843116.6060371090000
-843112.7119941227000
-843150.8409602492000
-843040.6381169825000
-842883.4240698775000
-842981.0798129516000
-842958.7938751377000
-843004.1101293832000
-842903.8903463375000
-842945.8724449237000
-842866.1704188564000
-842975.0002223055000
-842964.2835714584000
-842898.7265747543000
-842996.1493120436000
-843008.7899057854000
-842912.5260981374000
-843082.1431534601000
-842968.5024770681000
-843007.5389591373000
-842945.3522736059000
-842972.4631863267000
-842965.1458768490000
-842983.4956271676000
-843071.4520819839000
-843000.5870953957000
-842984.1733195955000
-842951.3395240293000
-842952.1874514198000
-842919.8853903771000
-842972.8324474188000
-842949.9682553776000
-842898.3497232664000
-842917.6868705965000
-842837.4875771046000
-842922.2150333849000
-842962.3983995259000
-842846.5304113470000
-842983.2975187850000
-842930.7574891249000
-842771.4657401780000
-842696.3094912135000
-842743.1010501232000
-842797.6160671215000
-842868.5866231940000
-842882.8094477884000
-842835.2202510532000
-842850.5508227780000
-842842.0671858047000
-842806.7054833774000
-842767.7693147289000
-842773.4447163326000
-842701.5432744952000
-842790.1870577885000
-842784.1993556565000
-842816.8100680142000
-842693.7428678930000
-842825.6854600610000
-842745.1235596170000
-842693.0150080259000
-842767.0601279091000
-842658.3685462213000
-842572.4681215291000
-842532.7483403373000
-842552.0577962466000
-842667.5435433180000
-842718.2929511986000
-842583.4308934234000
-842628.0662032531000
-842735.5918474477000
-842601.8144247588000
-842533.9997624861000
-842446.0854652853000
-842589.0938292431000
-842599.7204542550000
-842441.8024815519000
-842536.9435281053000
-842630.7902260013000
-842710.0686682569000
-842661.2719128235000
-842567.6292592942000
-842713.9282620036000
-842611.0840854530000
-842620.8333097400000
-842559.2360195004000
-842634.2246906844000
-842531.5990874261000
-842395.7713911971000
-842481.2798821062000
-842500.0802980235000
-842446.4855515537000
-842473.3738996998000
-842501.1161926842000
-842530.1716178104000
-842512.8141268207000
-842531.5792336599000
-842656.9308956801000
-842587.6569088461000
-842542.5129992574000
-842633.9743473288000
-842502.8098704136000
-842495.6502611373000
-842552.4321612752000
-842442.6641289914000
-842510.2629923663000
-842481.4964814844000
-842359.2738978628000
-842421.5093675902000
-842465.4321448491000
-842460.2766416523000
-842449.2684060654000
-842390.3562650505000
-842372.2728667961000
-842306.6966435210000
-842425.0069452468000
-842475.3626253161000
-842370.5847541312000
-842437.6230427733000
-842423.8525151232000
-842387.4903368767000
-842369.0013799239000
-842284.6683194520000
-842380.8061469877000
-842449.3638692326000
-842365.5793288859000
-842471.2929188199000
-842447.9741622400000
-842483.4250914813000
-842395.6867080777000
-842526.2826996674000
-842556.0451663132000
-842388.3567929305000
-842464.2321526143000
-842460.9114991723000
-842519.8641771285000
-842434.7018794211000
-842506.5601910341000
-842407.2923370696000
-842473.5885186933000
-842373.0474804922000
-842465.5552261125000
-842492.2861547552000
-842376.1596894553000
-842346.8109646054000
-842383.9701184086000
-842490.7303741068000
-842352.4658433155000
-842338.3408565291000
-842288.8962463591000
-842382.3962808509000
-842329.0701681460000
-842327.6960134052000
-842268.8731817174000
-842260.3386467262000
-842266.9988815700000
-842296.6126154808000
-842381.4958334673000
-842334.9742505441000
-842386.7735173132000
-842395.9751828926000
-842355.6797409107000
-842338.7711451676000
-842244.0590712976000
-842380.5919342387000
-842398.0856805934000
-842346.3817637203000
-842424.3735230360000
-842419.8511999260000
-842487.1421419940000
-842371.8760785225000
-842300.5738212490000
-842174.7995337903000
-842238.1835900010000
-842305.9840223013000
-842253.4255265822000
-842213.9576230788000
-842329.5571176715000
-842280.2943896794000
-842304.9870086587000
-842282.0449530146000
-842268.9667268600000
-842210.7165646014000
-842265.5851030617000
-842200.7050466517000
-842293.1826129308000
-842382.4166522899000
-842322.4288959831000
-842272.1987921802000
-842368.8483200396000
-842438.5481465633000
-842347.1963917832000
-842411.1777180568000
-842450.0237257305000
-842405.4582767270000
-842357.1513415138000
-842366.8244302466000
-842352.4419995265000
-842273.1172464227000
-842418.9328812388000
-842354.4895150100000
-842241.3243966743000
-842352.4175382209000
-842383.9874910995000
-842291.5884065392000
-842311.6989253225000
-842355.0721192302000
-842364.4764263689000
-842356.4968337041000
-842322.2902114976000
-842264.2817483543000
-842345.3434601367000
-842319.5427420756000
-842273.2142172841000
-842375.1923163554000
-842368.8704241512000
-842389.3578735164000
-842441.7910360491000
-842393.3049107070000
-842344.5260707047000
-842387.9172005300000
-842432.8571172917000
-842387.6353180849000
-842310.7937397476000
-842376.6311411691000
-842359.4519947729000
-842274.3816305916000
-842302.8465880533000
-842266.4617123608000
-842263.8288929882000
-842490.4440433022000
-842445.8569729613000
-842395.5099180178000
-842276.6897805559000
-842344.0358693332000
-842287.6945358042000
-842314.5475937313000
-842250.8471591895000
-842311.2319009745000
-842315.7190804168000
-842302.7204923317000
-842258.5487298976000
-842212.4156491832000
-842242.4070846911000
-842327.3658311885000
-842320.9778992666000
-842371.3098560019000
-842419.2115255817000
-842367.3062936545000
-842381.7977831332000
-842401.3703701403000
-842311.0352052465000
-842308.8799205413000
-842285.5221439687000
-842176.1692265463000
-842221.3302590533000
-842252.8454173469000
-842201.0035108031000
-842139.3395634372000
-842224.7531571885000
-842189.4779484258000
-842242.2474572337000
-842205.2588215437000
-842212.9618057143000
-842231.8925404556000
-842187.0642855179000
-842203.9460957935000
-842243.7587442962000
-842270.6500796457000
-842223.5706935199000
-842203.4850675828000
-842190.0603681569000
-842125.5593046048000
-842125.9842390462000
-842282.0135804625000
-842346.1369548643000
-842331.5210983554000
-842305.5725907440000
-842305.3596255515000
-842339.8546920234000
-842427.5432555276000
-842348.9232812439000
-842302.7785159089000
-842295.5482407799000
-842397.5855237417000
-842312.4010863604000
-842250.1633016320000
-842160.6806419530000
-842195.5724433255000
-842167.7441029752000
-842119.6750621769000
-842165.0220822243000
-842249.3824783267000
-842317.3848496745000
-842348.7193833637000
-842274.5299239208000
-842339.0692545902000
-842314.4366920936000
-842289.3050515398000
-842233.3159876036000
-842257.4135243936000
-842050.0037432015000
-842206.3437033218000
-842191.5589874339000
-842281.3959389908000
-842161.8838371356000
-842241.3263034028000
-842153.7487842513000
-842311.7332226320000
-842240.1172772040000
-842357.8115172719000
-842275.8315898962000
-842236.2769427485000
-842286.7079065986000
-842243.9136763548000
-842198.4097870707000
-842293.4655528137000
-842329.6520745348000
-842321.4189604904000
-842347.1572290570000
-842283.0018943615000
-842207.8426367572000
-842187.2992585927000
-842176.9165264434000
-842183.8549417439000
-842247.6078054233000
-842265.5694368270000
-842346.2800116090000
-842348.2840981860000
-842208.6891299101000
-842211.1882514347000
-842146.1295216421000
-842225.6992877720000
-842327.7167541941000
-842303.0992884348000
-842361.3546681006000
-842346.3218678236000
-842346.2823176761000
-842335.9336587193000
-842288.3493308912000
-842306.8785253812000
-842285.0427006674000
-842242.0062638292000
-842190.3580422332000
-842257.8953534523000
-842249.1978683729000
-842204.6867369842000
-842271.9129676102000
-842406.7035841958000
-842291.0795299747000
-842293.5817223470000
-842332.6563006600000
-842359.2530085059000
-842269.2951794729000
-842410.6615172388000
-842383.8048069342000
-842312.0004792205000
-842296.4127036658000
-842328.7842991346000
-842431.7394157798000
-842352.2340077098000
-842387.4510734876000
-842455.4541438423000
-842543.2090858616000
-842445.1997590312000
-842499.5171576600000
-842478.5544897858000
-842477.5480594465000
-842614.4800688595000
-842553.6949037674000
-842511.7614010469000
-842578.2099377941000
-842555.0979225683000
-842529.7211501142000
-842615.9965596263000
-842649.6891333286000
-842638.5821416647000
-842548.5831860504000
-842496.7361615533000
-842465.3693694266000
-842445.3976801878000
-842416.8516670143000
-842440.0508466008000
-842488.7832844633000
-842391.3679634884000
-842500.5511800485000
-842573.9166071650000
-842548.7338595315000
-842498.6962377662000
-842527.0731734930000
-842541.0275491679000
-842413.3037361179000
-842468.0795506343000
-842483.2317910392000
-842497.6930395778000
-842399.9206667667000
-842404.2044371254000
-842461.4067109209000
-842435.6993256378000
-842402.2880078151000
-842383.6076929562000
-842431.8019909485000
-842480.3540654319000
-842459.0028322935000
-842536.5899363898000
-842504.2185447414000
-842557.4680353010000
-842585.9418185356000
-842528.8229353863000
-842526.3012237223000
-842627.7620763606000
-842530.9618006416000
-842546.0350999995000
-842563.2017586309000
-842572.0202039942000
-842565.8609686621000
-842577.7980209986000
-842558.6841340995000
-842484.2694926290000
-842443.6732251985000
-842451.7020485423000
-842382.7155617535000
-842400.0778001198000
-842429.8208202501000
-842489.2424242110000
-842488.1832868091000
-842434.0979346081000
-842461.2494109218000
-842401.1471626720000
-842405.7643908420000
-842441.2008236848000
-842498.2226763135000
-842421.8367984982000
-842454.6110459376000
-842345.7563405186000
-842295.1885434012000
-842329.7348140690000
-842466.8386293229000
-842516.5178353954000
-842547.2902353756000
-842549.7872810147000
-842486.4231142607000
-842553.8864898755000
-842396.0095420114000
-842450.1119573532000
-842380.8124630045000
-842419.6916307478000
-842494.4111316636000
-842412.3851212729000
-842447.5125575490000
-842523.0881296819000
-842479.8497721283000
-842484.9025089539000
-842463.1552082754000
-842496.8512065880000
-842416.8934631671000
-842477.5577929398000
-842374.1040117563000
-842469.4198900295000
-842399.8889814791000
-842617.7506241985000
-842543.6118561756000
-842409.1832229169000
-842418.7270894460000
-842431.5505375096000
-842570.4102193752000
-842676.6336484966000
-842683.3325359332000
-842572.0961485456000
-842581.7564558029000
-842638.1050020226000
-842538.3969828227000
-842594.8561351640000
-842550.3716462008000
-842653.2918100874000
-842638.7050164723000
-842742.9266801998000
-842597.8312447598000
-842656.2836291348000
-842662.5879227340000
-842675.1266912079000
-842609.5653078370000
-842560.6627099945000
-842506.3826134809000
-842727.1539989155000
-842737.1660313302000
-842582.0829052890000
-842589.9241734376000
-842544.6723864056000
-842523.5085306194000
-842657.3245153340000
-842583.1547251956000
-842575.4712408996000
-842582.3648880201000
-842612.5093113992000
-842539.4487080072000
-842677.9808735540000
-842605.0145415089000
-842681.9385991680000
-842789.8804080770000
-842740.8879924588000
-842703.8974342861000
-842793.2504724571000
-842789.0079770862000
-842807.7517666875000
-842863.3989107249000
-842795.5315864837000
-842757.1175703023000
-842830.3557791334000
-842841.3239362200000
-842939.8093412857000
-842803.9393490275000
-842737.5627607959000
-842714.6114403802000
-842724.4373194064000
-842677.3311123474000
-842763.1700079767000
-842763.8609026206000
-842855.3048275520000
-842759.3234826147000
-842773.2306597701000
-842900.0710419693000
-842858.7393095198000
-842772.8762277887000
-842931.0345570518000
