-909381.7137664465000
-903677.6838519346000
-899197.0931020627000
-895842.6659980400000
-893355.9117041954000
-891239.1297489136000
-889285.4843067246000
-887756.3110941590000
-886283.5272301453000
-885062.2871331390000
-883734.2906138257000
-882749.4527853363000
-881826.8608031201000
-880931.8010116179000
-880092.9658994302000
-879351.5749554284000
-878629.4014088701000
-877850.9532241857000
-877148.7047870999000
-876560.6289281807000
-875945.4554293340000
-875503.7927048163000
-875102.6807014801000
-874345.0835922007000
-873807.6761935317000
-873272.1601411847000
-872940.7167735931000
-872569.3036428280000
-872256.3700307998000
-871949.8555857473000
-871606.3784448005000
-871327.3811858264000
-870880.6318708574000
-870587.9621698437000
-870222.2726573326000
-869927.3962381758000
-869644.0546583113000
-869258.9332595373000
-869035.6779401375000
-868654.5066520283000
-868302.3237126755000
-868081.6329391334000
-867942.9712550633000
-867651.1597249848000
-867400.6743218893000
-867114.4818372381000
-866833.2258116816000
-866754.2182995906000
-866593.2745736630000
-866273.4007050510000
-866020.3915615766000
-865813.7204325050000
-865778.3795412204000
-865486.3475227238000
-865299.5412337644000
-865211.7417389359000
-865007.4269284549000
-864901.5806655801000
-864679.5089855251000
-864596.9479940017000
-864447.1610900187000
-864344.8438578112000
-864240.0357633014000
-864182.1173959597000
-863912.4744576842000
-863795.1232217813000
-863591.3317927297000
-863316.0354550157000
-863150.7754264249000
-863248.8035267548000
-862967.6840091575000
-862810.0038543735000
-862704.4492798499000
-862839.9424687689000
-862647.9718977496000
-862597.2067720890000
-862493.6632317575000
-862378.3502631189000
-862303.8585706912000
-862367.6694998903000
-862133.2396541255000
-861884.0743524921000
-861605.5476884464000
-861480.9629548232000
-861433.4484095351000
-861289.6883571591000
-861066.5250560596000
-860931.6089029707000
-860910.3201948376000
-860924.0336812030000
-860809.2282576210000
-860665.5752751592000
-860457.5814097084000
-860448.0405628660000
-860413.4344176907000
-860230.7356356963000
-860150.7530148595000
-860075.0528702050000
-860010.7739813299000
-860033.6989781017000
-859825.0085145215000
-859869.0426300508000
-859822.0233267928000
-859511.6057995247000
-859570.0133174200000
-859488.0848137387000
-859419.3011085559000
-859176.3295174005000
-859150.8797595322000
-859038.1131274174000
-859139.2232686845000
-859076.3499521487000
-858950.9210935484000
-858914.1909053975000
-858833.8659582830000
-858914.1554506904000
-858787.4987187437000
-858637.1360175912000
-858673.2475668400000
-858510.1179114176000
-858538.5073277034000
-858474.4055943857000
-858329.0793019099000
-858159.7829049373000
-857985.2680640449000
-857925.8998660585000
-857944.3804099804000
-857949.8113924498000
-857839.3374612202000
-857868.6401440442000
-857603.9494709062000
-857565.4388962185000
-857688.2334205756000
-857490.8425867406000
-857545.2605568800000
-857507.1393176024000
-857512.5322475019000
-857379.9692117470000
-857352.0697099521000
-857311.9378554791000
-857402.7896873209000
-857299.1367349785000
-857080.2301477025000
-857162.4771878500000
-857204.1885372087000
-857143.6043286587000
-857009.1808502106000
-856976.9924318568000
-856858.3903915333000
-856949.4014327890000
-856921.7030320292000
-856819.6320463585000
-856740.4549342876000
-856720.9455180068000
-856659.7169135902000
-856503.7611835594000
-856573.7763967192000
-856410.1122704808000
-856440.3923393941000
-856406.5210889985000
-856437.4590624720000
-856446.1545308272000
-856434.0115391823000
-856256.7357146763000
-856373.3859038946000
-856334.7120150288000
-856208.5218203235000
-856188.4221805925000
-856193.3850739371000
-856153.2799587435000
-855984.3812299524000
-856034.2749281566000
-856036.0773768497000
-855989.4116473907000
-855838.1171109460000
-855863.9685051843000
-855838.8235806750000
-855854.6212158506000
-855693.8724939927000
-855710.2588649216000
-855647.0139840292000
-855675.7549741004000
-855681.8324206444000
-855615.4786448639000
-855495.4314855526000
-855574.2763085084000
-855548.0472155464000
-855684.8404692456000
-855680.6745724295000
-855565.2513845784000
-855413.1773801378000
-855492.3926584790000
-855333.0299398517000
-855381.7669544653000
-855311.9533807004000
-855327.5415190883000
-855433.8312860015000
-855337.3135856492000
-855190.7153603220000
-855276.7504271767000
-855327.5416945351000
-855337.6990686192000
-855350.1984938928000
-855228.5766781975000
-855321.4624013468000
-855254.8952299985000
-855227.6895988963000
-855261.1029017176000
-855116.9502798982000
-855174.3155200690000
-855216.3280677357000
-855234.3909239821000
-855115.8189902961000
-855033.8766520675000
-855001.9361966128000
-854905.2852458771000
-854934.9397702919000
-854980.1547780050000
-855045.1908589902000
-855053.6243460504000
-855011.8489662330000
-855001.1232869686000
-854850.3681759540000
-854761.5783425820000
-854776.7875140330000
-854859.7204392075000
-854962.8178137278000
-854846.3492762294000
-854968.5663558500000
-854906.2634439666000
-854846.9598997330000
-854882.3037090194000
-854878.1466530346000
-854927.3602951855000
-854728.4628417055000
-854796.3644709991000
-854570.6072369810000
-854650.8392191833000
-854557.9993777002000
-854714.9984096820000
-854729.4031494583000
-854636.5521289652000
-854551.5891749457000
-854483.6305148227000
-854498.0296229541000
-854402.9960782211000
-854450.9952348153000
-854391.8896823463000
-854317.3435421389000
-854306.3474801002000
-854461.8690047337000
-854419.0178202560000
-854362.5456805095000
-854150.4786386217000
-854249.4050045565000
-854331.7573424643000
-854169.8097581795000
-854238.4023480190000
-854183.3241090525000
-854276.0137539088000
-854195.4190571072000
-854303.4316861461000
-854292.2550298910000
-854257.8394641730000
-854285.5007159786000
-854334.5684735641000
-854272.8570641443000
-854089.8642587446000
-854168.3234044046000
-854285.0101897784000
-854214.1518714958000
-854200.0077962565000
-854237.4675288508000
-854149.6653616417000
-854190.0610657864000
-854189.7906092629000
-854140.9822820397000
-854049.1690136492000
-854095.5455534464000
-853949.0803113824000
-853915.9519837658000
-853976.5190269996000
-853777.8431024323000
-853800.9821552722000
-853816.7181278438000
-853791.8628958681000
-853828.3914723884000
-853750.6821942533000
-853716.8604339464000
-853801.2568575919000
-853781.0164449303000
-853775.2823085575000
-853703.0284337789000
-853641.9524374126000
-853662.1535243229000
-853804.6294029230000
-853734.2621534229000
-853852.5656365450000
-853783.1591092163000
-853706.4982066704000
-853836.2359083871000
-853779.1092067244000
-853735.4816172898000
-853728.7107676595000
-853716.7428827800000
-853616.5906405142000
-853661.0655952696000
-853618.6991983940000
-853595.0850465924000
-853513.8538123865000
-853523.6916730336000
-853571.3120974326000
-853523.4456958097000
-853379.1392163135000
-853411.1631144397000
-853539.4694099796000
-853508.5350464428000
-853416.1955681909000
-853599.4745551886000
-853516.5152922854000
-853473.0011034557000
-853467.3631660797000
-853435.8610015343000
-853587.1020623837000
-853651.5122278457000
-853549.8536384344000
-853497.5365175479000
-853374.9898771012000
-853432.4100463912000
-853544.0542239152000
-853344.7958206027000
-853378.3197821862000
-853399.2136862647000
-853359.2057713981000
-853371.4642797250000
-853375.4405331934000
-853311.7456966543000
-853350.2417992449000
-853406.4999355536000
-853309.6354274162000
-853295.8121991007000
-853417.7091397728000
-853410.0954962250000
-853524.0432800596000
-853458.8017073262000
-853560.2737180103000
-853522.2376045182000
-853381.6523961378000
-853369.4260430383000
-853294.1909245978000
-853351.3560774028000
-853246.2261804488000
-853344.1997485617000
-853339.9545996006000
-853244.7713611741000
-853428.0611856756000
-853282.2161448137000
-853301.5220989543000
-853163.2939190024000
-853184.6345467981000
-853106.1450617231000
-853275.2022576040000
-853386.8325873574000
-853131.4364997036000
-853315.4429244556000
-853163.7629173421000
-853145.3060992027000
-853189.5836870789000
-853255.9649525596000
-853206.4222291836000
-853116.7538624841000
-853213.2391658042000
-853222.7984961717000
-853189.4033923314000
-853019.1191370005000
-852981.8465953412000
-853014.9680885479000
-853029.2924955201000
-853043.4929269481000
-853104.6710966842000
-852943.4056797515000
-853081.5609209965000
-853013.1695135904000
-852997.1411133107000
-852916.9294337715000
-853164.6513793438000
-853009.1456526809000
-853028.7014660205000
-852930.1614443084000
-852954.3602675761000
-853096.0932535900000
-853055.4210068118000
-853014.0892829952000
-853051.7483000607000
-852939.3631970395000
-852906.5704922327000
-852917.4456004999000
-852906.7595002050000
-852985.3965237562000
-852830.5498364309000
-852885.6146142551000
-853014.8371732605000
-852916.4874702684000
-852905.1090327977000
-853000.3902773277000
-852959.7971990481000
-852893.1501932065000
-852906.1243670987000
-852834.0235426083000
-852929.0307119226000
-853009.8528563608000
-853045.6370287103000
-852895.0772325653000
-852865.9276842072000
-852813.2871640765000
-852821.5286795105000
-852888.2658677778000
-852803.6753992568000
-852827.2763437098000
-852826.8647690152000
-852879.5285010794000
-853028.2650559600000
-852960.7274973644000
-853076.2467429157000
-853024.5318363884000
-853027.9198697803000
-852961.9108276612000
-852926.9916092610000
-852796.0123085838000
-852766.0824940709000
-852775.1972847064000
-852810.6852944625000
-852852.2995572442000
-852723.9643955743000
-852791.6098704880000
-852732.8745476882000
-852828.9127359807000
-852857.0538564782000
-852711.4592480672000
-852927.8499330974000
-852812.8788296115000
-852935.9725270730000
-852931.2897464568000
-852883.0810140984000
-852938.8510419766000
-853112.5439937895000
-853070.1993842357000
-852932.3969814770000
-852959.9845595370000
-852960.8152204915000
-852938.9324822533000
-853028.7490670681000
-853119.9885763766000
-853080.6901232009000
-853052.6804447698000
-853087.8610010261000
-853057.3449856519000
-852966.1212617039000
-852901.7800690433000
-852927.8281714192000
-852897.2500734727000
-853052.2118941074000
-852959.3680206072000
-853086.6604037635000
-853091.5445102224000
-853027.2442821844000
-853113.5520019263000
-853079.1826924183000
-853052.9610004899000
-853095.2632697818000
-853033.1788663544000
-853037.6990692341000
-852756.1415527430000
-852832.2802211664000
-852990.0343341373000
-852969.8613656426000
-852982.5324658649000
-852972.5144008975000
-853055.9433203286000
-853094.7281943940000
-853106.5526341205000
-853063.7710251157000
-853024.5375512971000
-852945.9213363312000
-853023.8464409672000
-852985.2337787019000
-853146.2735961463000
-853079.3066340797000
-852934.0049866952000
-852918.3287340320000
-852904.0722355208000
-852872.6141514571000
-852913.7779920128000
-852796.5067518335000
-852858.2467085213000
-852784.9846199238000
-852729.4853913538000
-852818.9920188538000
-852851.2855292864000
-852840.8818983219000
-852958.2259791511000
-852856.2309774078000
-852934.8792263346000
-852971.0807453351000
-852943.2875522963000
-852906.5370937128000
-853032.2601951670000
-852974.7419725469000
-853051.5015164871000
-852890.1512330639000
-852926.6781588474000
-852917.6737293487000
-852884.1654441960000
-852844.5638366170000
-852862.9721584378000
-853033.9547144498000
-852953.4239368610000
-852971.7204317840000
-853045.1694396489000
-853106.6870506209000
-852979.0776542504000
-852912.7678623573000
-852994.1600248569000
-852852.2179533116000
-853010.4959001400000
-853107.4864512129000
-852918.0882865264000
-852912.9112185712000
-852988.2757991139000
-853008.2561986401000
-852962.3556621450000
-853063.6893755449000
-852890.4883480240000
-852852.4295649158000
-852866.5909368290000
-852979.8613230551000
-852974.5105878082000
-853104.4884056137000
-853031.7354804303000
-853233.6718149969000
-853120.0837215235000
-853098.8355684739000
-853142.9757888067000
-853184.4100471735000
-853092.6442331920000
-853125.5097516315000
-853147.5032959234000
-853084.2764940718000
-853138.1304206592000
-852959.7376502153000
-853062.6178433159000
-852893.5627620155000
-852817.5748452198000
-852872.2225127338000
-853030.6187255313000
-852923.4029126813000
-853010.9540246472000
-852957.6231415992000
-852855.7367956084000
-852907.8331451660000
-852820.8355809948000
-852954.9577870530000
-852820.7009667339000
-852849.1314234126000
-852957.2289635108000
-852890.9846620811000
-852703.5064086914000
-852737.8012110865000
-852616.9744032746000
-852715.8895290907000
-852659.7887571912000
-852804.7617623326000
-852885.3545231714000
-852829.3529619577000
-852804.3969128267000
-852724.9156346703000
-852778.1610314115000
-852813.2984987103000
-852861.1955326428000
-852922.1595858497000
-852952.0045162889000
-852908.7410319921000
-852957.0929550962000
-852886.5136028455000
-852721.1471429322000
-852735.2023625502000
-852769.6544667883000
-852732.9366062949000
-852769.4392600342000
-852920.1871541551000
-852866.4251089315000
-852743.9641044700000
-852741.1346411569000
-852823.3345412959000
-852952.8462811589000
-852892.9558584546000
-852912.5410271512000
-852773.8931490739000
-852879.0438061710000
-852866.2385378055000
-852980.9649801516000
-852857.2703809063000
-852816.6562072018000
-852826.0218781834000
-852929.7008964800000
-852932.1687116179000
-852952.8130307585000
-852843.9614534117000
-852762.2479099721000
-852799.6663043281000
-852786.8123205241000
-852964.6382934053000
-852892.5556230502000
-852780.1279086120000
-852879.7059179846000
-852873.5797828138000
-852791.6871802810000
-852862.7319964638000
-852920.6167226824000
-853003.5496239709000
-852939.2867899735000
-853003.0283375038000
-852958.0519640823000
-853077.4869905167000
-852942.9544126380000
-852969.4588743834000
-852887.5043896694000
-853050.0438103710000
-853142.4305798233000
-853060.8117007415000
-853069.4205225952000
-853065.4237159732000
-853055.1435201245000
-853039.0532177915000
-853109.5804145007000
-853059.7413447034000
-852994.5458465755000
-853011.8120175505000
-852949.0369531772000
-852957.5616986623000
-852948.6075199037000
-852964.9721136081000
-853067.4200641818000
-852927.0664251599000
-852897.9953079807000
-852986.4678424491000
-852976.0826777059000
-852963.9798653076000
-852936.4234400458000
-852949.1094550584000
-853083.7953912085000
-853055.7009557304000
-853117.9342496888000
-853075.7875757392000
-853073.5412815228000
-853127.7541436153000
-852997.0641782368000
-852982.2039067028000
-853048.2910031424000
-853155.5743731002000
-853028.9049582627000
-852966.7328111556000
-852966.1279920848000
-853054.2686439338000
-853057.4761117409000
-852982.7288962040000
-852907.3731496647000
-852937.3560582601000
-852922.5171826083000
-852932.5567338251000
-853047.9641572468000
-852955.9028032963000
-853068.8580851946000
-853046.8364413720000
-853130.7385924407000
-852957.4686699368000
-853048.3944444093000
-852978.0329323348000
-852894.3116840527000
-852867.4138206058000
-852914.4156742716000
-852881.3651006309000
-852876.7296082734000
-852995.6981650466000
-852929.3790029234000
-853004.4894561104000
-853057.7751256024000
-853026.2618145791000
-852913.9632834786000
-852890.9299781006000
-853000.9490734736000
-852960.2741561958000
-852979.9728401251000
-852976.7800944768000
-852911.2628590781000
-853015.7899739199000
-853038.2289283797000
-852936.7710927613000
-852929.3810649734000
-852982.6856833947000
-853008.1318378032000
-853017.2570215563000
-853126.3388494437000
-853216.1078723580000
-853168.6105261352000
-853186.1583600778000
-853128.5415831027000
-853251.9818154329000
-853171.5630484803000
-853163.0271136782000
-853127.9702613871000
-853061.5186513270000
-853086.9454246394000
-853156.4712038850000
-853057.9291698262000
-852937.5034747022000
-852963.7452289545000
-852975.4864969222000
-852844.9243804340000
-852927.8723829087000
-852894.1338216746000
-852707.1884505860000
-852837.5765794744000
-852929.5998097287000
-852961.7924260838000
-852900.1498154987000
-852870.3360334149000
-853040.1473296990000
-853074.6065414002000
-853013.0942354740000
-852982.6399216030000
-852972.8614958596000
-853030.8623990973000
-853088.2099738654000
-853070.6027752311000
-853002.1254492783000
-852910.0610863487000
-853101.0836593747000
-852967.8135800931000
-853082.0236361582000
-853094.0645431093000
-852867.8042396422000
-852986.1054043709000
-852970.1753888713000
-852944.1584042840000
-852836.2251181840000
-852788.5932352749000
-852897.1826556670000
-852763.1569747372000
-852798.8671045809000
-852899.4538398194000
-852943.2753206925000
-852865.4413098275000
-852898.2015220885000
-852951.4617397926000
-852893.4363484345000
-852769.1717272305000
-852981.0462159624000
-852996.5504665507000
-852951.3468412751000
-852788.7296058369000
-852857.5608852534000
-852778.7042378220000
-852879.2304990895000
-852838.9866169938000
-852790.4978739058000
-852835.9529498091000
-852939.2889755607000
-852838.0994032294000
-852768.4560773931000
-852837.0285136682000
-852976.6204121725000
-852918.0540816338000
-852952.3050130763000
-852755.5275913193000
-852946.3550978882000
-852945.3025097200000
-852856.2225628338000
-852915.4629163098000
-852932.3946908306000
-853003.6535105836000
-852983.1730162873000
-853070.6997030880000
-853004.2363605043000
-852996.8468526459000
-852944.1349194746000
-852867.6307635364000
-852808.7587272455000
-852815.4794418254000
-852916.7933395915000
-852866.6282759791000
-852950.1446205317000
-852803.8054386469000
-852756.1521105571000
-852792.6381902096000
-852911.4535384183000
-852861.7865621346000
-852965.3279307730000
-852920.2078719811000
-852942.7292735316000
-852936.1610392645000
-852949.9741690648000
-852970.2180158528000
-852934.5520707102000
-852978.7753178814000
-852920.9541351896000
-852979.9752165293000
-852709.2758836909000
-852908.8965953295000
-853008.1304870361000
-852859.1896053990000
-853054.6918001088000
-852979.8995920896000
-852956.2988343743000
-852791.0608210469000
-852939.7742220144000
-852978.2383168390000
-852918.8735200746000
-852859.4231083768000
-852706.9634460851000
-852886.7447830740000
-852829.5482711899000
-852878.1067888049000
-852760.6152219843000
-852925.1598351237000
-852945.9532526692000
-853053.1161709164000
-852947.4560924866000
-852886.0746372856000
-852953.4951473438000
-852839.9820718463000
-852905.3427529384000
-852845.3814719671000
-852841.6871578865000
-852823.7033446319000
-852789.9409716338000
-852799.1838625635000
-852813.4323366723000
-852848.7755727258000
-852959.9698669605000
-852920.5374445346000
-852991.4991870227000
-852999.9080137480000
-852844.2656297429000
-852805.3890552080000
-852944.2904940211000
-852770.0839137095000
-852823.5512777310000
-852797.3047757582000
-852959.0346505422000
-852883.2131766775000
-853045.9685036042000
-852821.4766673909000
-852855.8110426918000
-852907.6301156053000
-852902.3223311376000
-852901.3053635618000
-853026.4205583914000
-852998.9427823510000
-852932.6108248560000
-853043.3783930878000
-852978.5837328094000
-852881.0162743444000
-852886.6734917298000
-852937.4552466496000
-852887.6023971733000
-852932.4133690608000
-852890.5437492224000
-852989.0055672002000
-852908.7922597645000
-852897.2903916525000
-852981.8741614225000
-853003.1012000729000
-852845.8655747328000
-853004.6746425929000
-853052.9644023816000
-853141.8377428652000
-852920.2565623352000
-853050.6030393953000
-852955.3419684529000
-853007.3784849494000
-852909.8110322768000
-852888.4463238025000
-852920.0176727286000
-852873.2152320757000
-852845.1052211667000
-852876.4753339950000
-852951.0348782395000
-852924.7406365793000
-852955.2496807119000
-853008.7100033808000
-852902.1645350049000
-852980.4528506065000
-852848.3173274843000
-853042.8683428570000
-853069.1101302150000
-852945.3184844906000
-853051.0740696006000
-852972.4469018842000
-852941.7849351953000
-853004.9719167524000
-852865.8517769817000
-852741.9726473922000
-852803.5809620452000
-852845.9466040760000
-852930.1310320665000
-852825.4946769851000
-852740.7051869160000
-852965.4601018709000
-852868.7022196952000
-852720.6330385623000
-852799.3008955405000
-852737.0990798183000
-852799.5524661366000
-852802.8413300622000
-852865.7624258520000
-852940.3753018345000
-852802.3321126747000
-852895.3505405560000
-852911.2357290107000
-852737.8442183906000
-852750.5447170776000
-852755.2203600622000
-852658.6747124182000
-852747.6660563562000
-852784.5266547605000
-852893.5762373864000
-852877.5381915420000
-852884.5074525060000
-852959.7466928583000
-852994.8608178659000
-853031.3944752820000
-853086.6590152727000
-853198.7956393558000
-853030.1359374879000
-852825.8637374388000
-852988.7600664425000
-853065.5556921005000
-853154.8085022614000
-853133.0184244805000
-853050.2778083584000
-852975.8561507983000
-852944.9695840224000
-852929.5173839198000
-852954.0719530420000
-853025.3522506398000
-852866.7282987739000
-852930.4236951895000
-852677.0259738216000
-852786.0055903603000
-852845.7692216482000
-852915.3739647942000
-852853.5217037774000
-852725.2231156676000
-852816.7470805496000
-852767.7757991428000
-852689.0012415604000
-852720.1948011322000
-852920.1254568194000
-852720.2764252591000
-852803.9430762562000
-852685.0612499064000
-852824.6565775087000
-852901.3750176276000
-852867.3290041545000
-852825.7433533318000
-853045.7419144213000
-852806.5544315442000
-852830.3274099105000
-852773.8432483705000
-852782.8554604128000
-852922.5642434404000
-852838.7670950883000
-852809.1302816751000
-852889.7071976486000
-852816.6241672583000
-852943.6192030763000
-852773.7566160170000
-852857.8256872215000
-852792.4885152689000
-852866.0398120915000
-852863.7935062958000
-852772.6244975575000
-852792.1601940851000
-852721.5850584870000
-852825.3008790277000
-852823.8027987573000
-852715.9241705843000
-852651.3221365206000
-852739.2341929713000
-852769.6199186547000
-852720.2853286095000
-852634.5102935291000
-852772.5195914602000
-852709.7654141540000
-852751.1812431344000
-852948.9492365200000
-852808.7946244816000
-852873.8341193071000
-852773.5014536225000
-852745.0637865954000
-852880.1095484968000
-852849.9803007828000
-852916.0616338048000
-853030.1020993734000
-852939.4659364176000
-852906.7042105416000
-852866.4880846255000
-853065.6282903248000
-852991.8696651600000
-853037.3072210107000
-853038.3455065528000
-853034.3693011944000
-852930.9929838683000
-852794.5185566877000
-852845.4805570393000
-852957.0367860340000
-852933.0909959265000
-852898.7419629244000
-852997.4921980881000
-852861.3402673583000
-852972.1876749983000
-852954.7946033868000
-852802.8666265542000
-852882.7409496533000
-852856.0610024363000
-852909.7676426524000
-852735.5663684477000
-852942.2379363918000
-852960.6615237187000
-852891.7237083939000
-852959.1030299109000
-853008.9056326059000
-852902.0630741336000
-852788.0512891238000
-852795.1739626635000
-852895.6151054440000
-852834.1028085493000
-852804.5630048951000
-852837.5795160348000
-852777.3186015979000
-852818.9974157690000
-852770.1357675269000
-852767.4448856604000
-852815.6343896526000
-852923.1948044470000
-852847.5312767358000
-853087.5638516170000
-852948.8573773882000
-853007.3946525457000
-853010.6867592061000
-852987.5156042828000
-853016.3782505314000
-853009.0676488072000
-852985.1472929702000
-852946.7065367881000
-853009.3782490311000
-852938.5790805003000
-852943.3081954236000
-852927.2151694663000
-852960.1682284988000
-852866.6292365754000
-852927.5573495200000
-852953.5531096180000
-852929.5385437814000
-852857.4706940019000
-852871.7761587359000
-852828.4801834637000
-852894.8603291893000
-852877.1312580951000
-852947.2339321894000
-853041.7289691299000
-852983.7550167725000
-853084.5744611952000
-853018.4700863943000
-853069.1393092981000
-852999.9119193918000
-852990.5369321969000
-852944.4414551801000
-853024.8726089249000
-853034.6701080599000
-853010.8114152002000
-852959.2764720545000
-852891.7106664501000
-852942.2453332088000
-852836.3733125818000
-852849.0725374292000
-852789.5272678738000
-852899.1965721746000
-852868.1551220639000
-852871.8010268182000
-852771.7654086010000
-852756.8232587723000
-852954.4310796385000
-853009.1732815423000
-852976.9360790075000
-853127.1965856921000
-853051.4174934793000
-852983.0463219457000
-853012.2655200314000
