-902221.6368777839000
-895114.5583906622000
-889786.8814410853000
-886094.3669919576000
-883063.3206994574000
-880788.9064067631000
-878875.4455074393000
-876916.8475027948000
-875364.5250862310000
-873989.5309617573000
-872765.9798611612000
-871761.6052215999000
-870689.4334936034000
-869696.9556911269000
-868865.7304508713000
-868053.4980094808000
-867368.0396290029000
-866861.6096964112000
-866033.8328189722000
-865356.9085533356000
-864754.5640314681000
-864094.1054500893000
-863461.1638461325000
-862822.1997044199000
-862224.0167755680000
-861549.7898221482000
-861038.1334166928000
-860684.5589849616000
-860056.2272171996000
-859873.4722263328000
-859533.4342252260000
-858886.1390548943000
-858467.3347084045000
-858061.5823064910000
-857634.3192310135000
-857255.8551205711000
-856844.6145093262000
-856433.9397555650000
-856127.0527329053000
-855962.1552764980000
-855541.5587756760000
-855127.3859155474000
-854844.2914921690000
-854532.5351043327000
-854312.9931649776000
-853966.4448876298000
-853839.6652955986000
-853454.0299741627000
-853177.2770569739000
-853131.9955640935000
-852748.2863196642000
-852514.3685816011000
-852298.8240476602000
-851989.4187760227000
-851821.7400465712000
-851566.4016080373000
-851587.7867885608000
-851559.9712450556000
-851428.2269843591000
-851180.6461115069000
-851178.1430450991000
-851029.2691589298000
-850786.2213936652000
-850690.0416468844000
-850357.3555786452000
-850191.8196137173000
-850023.8313986644000
-849946.0689179866000
-849781.4818865134000
-849586.8199395750000
-849575.6975879415000
-849460.7704742100000
-849358.0948804606000
-849252.5559513483000
-849104.5323751613000
-849078.3644130260000
-848803.4185244498000
-848660.6523254818000
-848659.4849233178000
-848528.4499253869000
-848479.9522113475000
-848476.2140937749000
-848395.1612520661000
-848435.7626849342000
-848237.7730265439000
-848216.0844127131000
-847854.0385279562000
-847746.6636779621000
-847752.1729937020000
-847828.0826828161000
-847676.3778953609000
-847426.6585544442000
-847236.4631884875000
-847172.3767086776000
-847100.2239122326000
-847113.3148795401000
-847096.9615452632000
-847043.5246238514000
-846674.7293000070000
-846736.7156459047000
-846642.3320554856000
-846679.2369281505000
-846622.3920951601000
-846514.4358751170000
-846445.0532084001000
-846324.5423769598000
-846114.3780056956000
-846296.5075578114000
-846161.4566209608000
-846137.5707373013000
-846034.2787827826000
-846003.4009136589000
-845954.5025867808000
-845850.3024182799000
-845772.8953689778000
-845717.8580310273000
-845575.5779703859000
-845643.7421249194000
-845583.2786511290000
-845642.8215560393000
-845627.4801579191000
-845546.4069057758000
-845541.8231795144000
-845380.3166126530000
-845391.4137240952000
-845484.9825998707000
-845356.6032306443000
-845296.8586044644000
-845265.3515764751000
-845291.3437028887000
-845275.9462359966000
-845091.2025734228000
-845137.2380167854000
-845143.0424249929000
-844830.9926274142000
-845009.0881961040000
-844853.3421463185000
-844757.5891476221000
-844722.0997714653000
-844499.2878969206000
-844469.8383448485000
-844495.0106324117000
-844495.2700442978000
-844407.7476644743000
-844246.8707571416000
-844166.6136695945000
-844134.6120748036000
-844092.6592169018000
-844165.0952164187000
-844121.2744085440000
-844047.2352034574000
-844072.5270542835000
-844135.0305300038000
-844008.9742631586000
-843890.6058542809000
-843768.9358352695000
-843855.8236491166000
-843848.6243355020000
-843756.4506428126000
-844029.8447919126000
-843793.8431987615000
-843817.7335353118000
-843743.4751876789000
-843577.2277068443000
-843498.9631384425000
-843688.9473494620000
-843643.7202889959000
-843748.4311750436000
-843618.2018814373000
-843519.2410675301000
-843347.7030633500000
-843475.5171199354000
-843315.7360349467000
-843386.4478887137000
-843336.7848965379000
-843385.8609449116000
-843340.0924971508000
-843311.1669790798000
-843248.7885641272000
-843215.0031288072000
-843191.1625348529000
-843090.2909915972000
-843100.9676264238000
-843152.1440270452000
-843124.5734573633000
-843072.8551405278000
-843055.7055474652000
-842999.8172656565000
-842936.3489186763000
-842811.4674462427000
-842778.0309677483000
-842954.1182572625000
-842961.1096754711000
-842882.7889253966000
-843070.9494769150000
-842955.3682994883000
-842886.2266511256000
-842836.2349750232000
-842922.2871388451000
-842739.7874010320000
-842660.5852334282000
-842687.6294296414000
-842656.6111303552000
-842662.1314917170000
-842535.0483323939000
-842555.4432712917000
-842590.2151175414000
-842485.8894966654000
-842593.0323069168000
-842561.8317197933000
-842544.5970402287000
-842571.8419488944000
-842632.0657974374000
-842597.7929811126000
-842533.3870994268000
-842560.9119085339000
-842555.2932258716000
-842545.6601277235000
-842474.3081134075000
-842384.3213608544000
-842334.2204504504000
-842255.6379383149000
-842061.4318611718000
-842189.5062301713000
-842108.5529386284000
-842133.8186593431000
-842143.0594815913000
-842031.0468427327000
-841981.1263631806000
-841933.6448201314000
-842022.6643661903000
-842016.4952290162000
-841924.6365999851000
-841962.0168485126000
-841738.2016905706000
-841865.8475616943000
-841749.2107982856000
-841860.8455487826000
-842000.6466120289000
-842004.6919641300000
-841906.3485691883000
-841896.2134614495000
-842151.3755198868000
-841914.1422413591000
-841972.0095781670000
-841736.5114935552000
-842018.1426543172000
-842043.7359991017000
-841966.1309123345000
-841742.8535245616000
-841926.6949721556000
-841788.0699756609000
-841888.7087290820000
-841806.6635266045000
-841860.3940518512000
-842027.6202517247000
-842002.3109776468000
-841912.8934446042000
-841772.0950763655000
-841827.9339149523000
-841712.2651982949000
-841871.8250136414000
-841783.7055601284000
-841793.6504518390000
-841732.3366282915000
-841603.2162346700000
-841517.3425284651000
-841501.6267471255000
-841588.7814159848000
-841470.1186649858000
-841529.3451900174000
-841527.0399170547000
-841570.8532430445000
-841625.2527253740000
-841649.3032527905000
-841725.8994351828000
-841713.0539906917000
-841655.7688004876000
-841589.0574092506000
-841598.3953771684000
-841667.7562884390000
-841625.6806291142000
-841639.2189081782000
-841573.5928737603000
-841555.5720393026000
-841683.6832927271000
-841439.2990590947000
-841413.3920631530000
-841353.0720718222000
-841342.3339373339000
-841407.7193792299000
-841575.1559012985000
-841339.1576814010000
-841542.8576791508000
-841481.7210466992000
-841399.3279372790000
-841282.0660736924000
-841115.9198985815000
-841242.5786302866000
-841166.4976757974000
-841095.5082686318000
-841176.5953218680000
-841157.3762878684000
-841225.2343702184000
-841187.4692693151000
-841318.0761854190000
-841217.5588797119000
-841311.0894972053000
-841262.5993081148000
-841273.2205492943000
-841284.4134216048000
-841409.9513976896000
-841282.0980966644000
-841279.6587160075000
-841223.5154700357000
-841331.5867261825000
-841287.0309083443000
-841311.3327717214000
-841275.5035500517000
-841321.4439124102000
-841167.9422245270000
-841121.8346553224000
-841133.4037546286000
-841239.0848384476000
-841175.1839475557000
-841208.2328097980000
-841225.4157363911000
-841089.0054293345000
-840976.9065924092000
-841100.4158822924000
-841082.5722457938000
-840958.0809283988000
-841008.2704554655000
-841061.8055703013000
-840857.6435701111000
-840927.7738903733000
-840812.1660653490000
-840766.9821304051000
-840781.6073178637000
-840873.7625561161000
-840867.7136437120000
-840912.5966583831000
-840950.7913549971000
-841009.6134432722000
-841018.8421997626000
-841123.9838463245000
-840997.2851284455000
-841000.7158101720000
-841122.9304044163000
-841032.7171581956000
-841027.5119264880000
-840889.7366902748000
-840864.2597215777000
-840988.8468437019000
-840976.1485485508000
-840996.0132018653000
-840891.5569021218000
-840907.8428087207000
-841143.9043043631000
-841138.0660556766000
-841019.1103951520000
-841126.9159567634000
-841014.8218900906000
-841031.4842328212000
-840996.5770180273000
-840927.5634688140000
-840961.4300623058000
-840832.9614313267000
-840732.8688840824000
-840874.4837398442000
-840894.2559108599000
-841046.5792687617000
-840955.8088163853000
-841016.7951863783000
-840924.1465321980000
-840933.7947720141000
-840897.7745241661000
-840828.8536356919000
-840997.1331397692000
-840758.5265669038000
-840750.4017240376000
-840798.7133860748000
-840813.3404771984000
-840908.0450282223000
-840826.2308727391000
-840696.9016389710000
-840598.3962107531000
-840563.4627920619000
-840552.1463252574000
-840584.9161245591000
-840482.0754224653000
-840511.8335322086000
-840631.7667046817000
-840715.0680920512000
-840650.6874669119000
-840693.9157615773000
-840725.1191411177000
-840743.0952717927000
-840652.5061488606000
-840770.9943060675000
-840648.9819336472000
-840613.1143206641000
-840820.4463243910000
-840828.4765026903000
-840860.2152364012000
-840681.6538287073000
-840850.9626121268000
-840560.4835108830000
-840629.8124700726000
-840469.4206525608000
-840489.8673699606000
-840552.3450843965000
-840659.3334582570000
-840638.7782568504000
-840348.7793717480000
-840399.4351661280000
-840600.2967334931000
-840696.9307413889000
-840631.6556209057000
-840702.6870485746000
-840675.3096549519000
-840614.2742825119000
-840606.8855803538000
-840549.6835856232000
-840599.9699534090000
-840542.0222215288000
-840411.5921244187000
-840528.7660013051000
-840418.6749760974000
-840576.7697474099000
-840557.1623832013000
-840608.6824133580000
-840502.6904638734000
-840665.8865368243000
-840635.3402283085000
-840552.0847567037000
-840587.0721397580000
-840621.8163052377000
-840603.2707888855000
-840624.9576336122000
-840365.5909913086000
-840519.0745837408000
-840563.3275662586000
-840329.6594636810000
-840357.9618699921000
-840331.7356879415000
-840290.1629924766000
-840392.5233141410000
-840471.6472138744000
-840307.2276368605000
-840342.4240867145000
-840367.5011046712000
-840429.3593265604000
-840285.9497511104000
-840196.7300447130000
-840428.0344953862000
-840347.9158656450000
-840444.4400078882000
-840456.3062904261000
-840571.5502131899000
-840433.4595977714000
-840287.9080910905000
-840229.0310477470000
-840168.4978337875000
-840232.2921932145000
-840382.1702283088000
-840484.5103759179000
-840380.2690463898000
-840399.1866215497000
-840412.6564547407000
-840348.9430104715000
-840268.6550651018000
-840310.5034678719000
-840370.0480770168000
-840499.2407147491000
-840270.9053654833000
-840328.1810055375000
-840324.5764826705000
-840257.2044426029000
-840096.0677616872000
-840153.0351681946000
-840073.8906881087000
-840037.6290407294000
-840027.8792377701000
-840059.6154774703000
-840191.4541829242000
-840225.3706029320000
-840160.7850320071000
-840331.9875059883000
-840313.9813171582000
-840160.1677838912000
-840127.1870539834000
-840332.4745603986000
-840156.7673782854000
-840150.7005955215000
-840245.4306893442000
-840375.9875686765000
-840354.1918699958000
-840187.7456540187000
-840167.0001072645000
-840187.8283459732000
-840255.1446010112000
-840231.4842417572000
-840252.0646531027000
-840229.3686840353000
-840249.3864320087000
-840158.2127733818000
-840237.4831873396000
-840446.0822690866000
-840306.4735667821000
-840340.7102185782000
-840352.6621185930000
-840380.8885112973000
-840294.3357035368000
-840418.9871149715000
-840296.3623580836000
-840401.5992098631000
-840300.1227562823000
-840302.4802561378000
-840291.2599196603000
-840259.0392418047000
-840387.0408792541000
-840125.7428599474000
-840271.4199721108000
-840163.7418620200000
-840027.6989023281000
-840148.8440312530000
-840217.5712020241000
-840177.8243498931000
-840327.4025299994000
-840296.1676837108000
-840358.5360358101000
-840448.7740778892000
-840374.4005184498000
-840422.3562379279000
-840296.3789345952000
-840258.4372428233000
-840260.6884596782000
-840169.9035409231000
-840128.3871747956000
-840274.3191028612000
-840249.7032769456000
-840414.9586195237000
-840146.2719733919000
-840116.2432661271000
-840126.9839782028000
-840156.6577152318000
-840191.6333377245000
-840237.0079604643000
-840368.8011249781000
-840193.0505040096000
-840324.8819030138000
-840312.0307008033000
-840157.5565592410000
-840214.3032379793000
-839974.0259447475000
-839922.3019438130000
-840134.0053842781000
-840180.1743549970000
-840099.0967028139000
-840036.7935008031000
-840140.6080806251000
-840315.2621260639000
-840199.2023224401000
-840150.9342340125000
-840215.1823784629000
-840342.1565055082000
-840456.6366824377000
-840383.3092828227000
-840495.2657449240000
-840351.3359309523000
-840436.4425293390000
-840537.2103717776000
-840310.9017881816000
-840332.9388207371000
-840201.2573158175000
-840356.1175590813000
-840233.4087792829000
-840096.7143731668000
-840191.6282341635000
-840281.4208109534000
-840314.7503883162000
-840225.8842144095000
-840333.7795446730000
-840219.8536907331000
-840037.4640292969000
-840041.7901837892000
-840292.6655899360000
-840216.0745246747000
-840117.5259676233000
-840006.9237987555000
-839938.8443615893000
-840069.6821701191000
-840164.3347488786000
-840067.2309113880000
-840263.6248859338000
-840090.1305618082000
-840099.6472507808000
-839930.9253639199000
-839934.1657885185000
-839916.9245434524000
-839919.6822161216000
-840011.8325103612000
-839899.4279643148000
-839892.2675980317000
-840043.5809260723000
-840040.8719590415000
-840062.9935786703000
-840089.5777831561000
-840048.4565907808000
-839970.4656473112000
-839969.9698693120000
-839984.8271826012000
-839981.1473804819000
-839991.2064414695000
-840023.6313165128000
-840110.3898499042000
-840182.6033200689000
-840044.5962984970000
-839935.3722766796000
-840093.6457549903000
-840147.7518451858000
-840047.3440157908000
-839997.1381944347000
-840133.3940049175000
-840136.0058725988000
-840110.6734064374000
-840156.6637822922000
-840051.2471135854000
-840075.0997219189000
-839924.6423338750000
-839960.5087601038000
-839969.2606546539000
-839917.3471850974000
-839996.4109583410000
-839977.6179041431000
-840051.8170382421000
-840062.3984884585000
-839990.3347643679000
-839962.5480440868000
-839956.0803423390000
-839861.9216624536000
-840056.0643206501000
-839955.6855186227000
-839965.3282758927000
-840194.7104332720000
-840015.5988672337000
-839989.1698546115000
-839996.1423491292000
-840033.8813205778000
-840003.7910458858000
-839990.2388353648000
-839946.3410388330000
-839756.1169698159000
-839745.3036104427000
-839758.2025804186000
-839846.3759988286000
-839739.8301973254000
-839778.8108299847000
-839814.0581453214000
-839694.3007540847000
-839685.6161467703000
-839686.8827185717000
-839641.0211136098000
-839722.7099260484000
-839861.7074287730000
-839812.2037466019000
-839914.1038920047000
-839882.0609071165000
-839941.1473197820000
-839857.0937750333000
-839851.5251920702000
-839802.2599010327000
-839850.5908961120000
-839813.5756304780000
-839985.3054781135000
-839993.6524325721000
-839984.3213121083000
-839946.8210162913000
-839763.0479224223000
-839859.1239614073000
-839803.3521557493000
-839978.6354219990000
-839925.2090496584000
-839943.8968160755000
-839943.1508857522000
-839904.3458437910000
-839848.0623716506000
-839959.5292740745000
-839895.6447118105000
-839968.5781362636000
-839801.4561019851000
-839809.3520403930000
-839910.7083188182000
-839802.7587019387000
-839881.7084679214000
-839958.5702609573000
-840000.2507466663000
-839985.9589193233000
-839909.8568509679000
-839970.7116819478000
-839930.5150951964000
-840015.2252764399000
-840025.5610269997000
-839881.3087604495000
-839783.0996928352000
-839832.2182687533000
-839835.1446675771000
-839889.5400577491000
-839776.7620684276000
-839920.5943799679000
-839927.1344856479000
-839819.9463911097000
-839810.7313238028000
-839761.3552401000000
-839725.2972123956000
-839586.6073794533000
-839649.4063975919000
-839855.2875167080000
-839944.6430066938000
-839854.6441143913000
-839943.4659353467000
-840019.0894827031000
-839959.3864679924000
-839860.6237712080000
-839829.9331906014000
-839836.0418927103000
-839803.1894832272000
-839876.0905128810000
-839912.4215841689000
-839988.1859939054000
-839840.4561093089000
-840052.6401345043000
-840145.2656239258000
-839995.9791544031000
-840059.1145324502000
-840119.1429787256000
-839915.6802090028000
-840003.2427405074000
-839794.5631203006000
-839886.0282093852000
-839810.1082909060000
-839733.1410558774000
-839723.8401130474000
-839667.5522308197000
-839715.3626353584000
-839576.3681680599000
-839614.2153016604000
-839663.1636636873000
-839678.2041271129000
-839682.3414618603000
-839728.0238740811000
-839607.4418789354000
-839637.6375115645000
-839743.2431711792000
-839634.6523636782000
-839774.8066016025000
-839868.1693302245000
-839723.8394582768000
-839804.9861972266000
-839911.8846622156000
-839870.7439608269000
-839892.2338746344000
-839964.2630645019000
-839730.2976383800000
-839914.9020588095000
-839828.3630514138000
-839836.5225941415000
-839927.7819434623000
-839937.0337751836000
-839741.9592708888000
-839760.8556181702000
-839821.1839861690000
-839784.4121608522000
-839712.5257337878000
-839884.8578716277000
-839662.4100038819000
-839605.0928803247000
-839625.5491427401000
-839665.2099882112000
-839613.5883869415000
-839675.0312205155000
-839558.1747506165000
-839540.7429309350000
-839569.4344859868000
-839719.5519242090000
-839722.9883064654000
-839737.2534338902000
-839550.3920847689000
-839606.9350528608000
-839488.6925030783000
-839552.6022217247000
-839554.2198600710000
-839651.8150031031000
-839660.0373387724000
-839614.7767208090000
-839653.5314360987000
-839607.0696378237000
-839432.7302827653000
-839560.6693122446000
-839706.3423530281000
-839635.3901681716000
-839823.5806401203000
-839590.5721799986000
-839653.1187803118000
-839655.2758766843000
-839666.3448599289000
-839565.9317582975000
-839711.1961608488000
-839649.2957925040000
-839612.2255144248000
-839685.0493786233000
-839623.8988794762000
-839561.3841716883000
-839506.0813226395000
-839620.9489614600000
-839616.0086769372000
-839632.9329778289000
-839618.5850106003000
-839695.2722056156000
-839692.1063592577000
-839664.3118081057000
-839643.1747629511000
-839662.8017092943000
-839543.7108752682000
-839578.8771095041000
-839691.3246802940000
-839626.5145974309000
-839626.0790444964000
-839825.9942038272000
-839798.3835184375000
-839802.5191659968000
-839725.0698435737000
-839799.9910072759000
-839822.7274588215000
-839804.7860713530000
-839922.3850736489000
-839835.7352310502000
-839990.9892685923000
-839958.5438062531000
-839969.2767985944000
-839767.2338226455000
-839772.5892802274000
-840000.1891097246000
-839995.5646878692000
-839739.3779509101000
-839860.0695258827000
-839855.6121244929000
-839873.5118690324000
-839819.8205631815000
-839733.1611375306000
-839797.2974713087000
-839808.3540195163000
-839844.0665913478000
-839957.0746728859000
-839893.2387024170000
-839823.8943691789000
-839852.4850291205000
-839728.0529647263000
-839654.2180060773000
-839771.9550722752000
-839756.3733048824000
-839838.2794133015000
-839781.4300596159000
-839958.0032827632000
-839857.2279950558000
-839797.9567227681000
-839869.5039336799000
-839728.8668840021000
-839732.1985303576000
-839834.6113720944000
-839805.1966504499000
-839690.9265728395000
-839749.8184082707000
-839812.6267983356000
-839640.1784099748000
-839745.9732184358000
-839913.2889743489000
-839948.8776213756000
-839895.8357696744000
-839804.0010828468000
-839963.5442250360000
-839953.8915078888000
-839974.7761030985000
-839932.1583367722000
-839800.1435543181000
-839899.7915153789000
-839859.8786397069000
-839712.1678198060000
-839716.5909700888000
-839716.5967331891000
-839757.3630103739000
-839711.6634580498000
-839620.0456775451000
-839613.8718360580000
-839515.3855035227000
-839609.6874788747000
-839595.5488033385000
-839524.5873018476000
-839627.6231797831000
-839580.7034052855000
-839544.6915630205000
-839635.0919810489000
-839815.2507923375000
-839817.3328504040000
-839838.5276508718000
-839700.6065045192000
-839647.3112071047000
-839566.0964701636000
-839696.1962827807000
-839870.1107919284000
-839926.0056078130000
-839959.4102745769000
-839760.5570174587000
-839828.6560687739000
-839733.5362862204000
-839786.3785693605000
-839699.7093012654000
-839704.2007855799000
-839873.5806267017000
-839846.7318645989000
-839730.4211928775000
-839835.1906380312000
-839587.9745606619000
-839570.3041574897000
-839628.8940323321000
-839436.9137070837000
-839550.7761546725000
-839559.8712008388000
-839649.6925426618000
-839616.0324375305000
-839774.4443668531000
-839760.3010759001000
-839591.5537656276000
-839746.2912448437000
-839735.8606708674000
-839751.4373878968000
-839682.1927716997000
-839630.9243665877000
-839591.4561633745000
-839623.5563703210000
-839748.3576693437000
-839675.8769163260000
-839637.7531759500000
-839599.8315295253000
-839733.6009691356000
-839661.6153097107000
-839868.8249874692000
-839802.7666857213000
-839713.1933399938000
-839697.3687351520000
-839639.2580426341000
-839645.7855628846000
-839911.4847467226000
-839802.2663998693000
-839765.8195793085000
-839812.6751121373000
-839648.9286042241000
-839838.1570006487000
-839892.5781017673000
-839926.2334642261000
-839814.7215811394000
-839872.1373404991000
-839607.0134599673000
-839626.4645921804000
-839492.3782298531000
-839621.1505451800000
-839671.2427237466000
-839585.2411130097000
-839765.9632429800000
-839582.6747862800000
-839459.4067267835000
-839459.2194214188000
-839514.7377512517000
-839537.8953070921000
-839556.6520487950000
-839546.5642149393000
-839524.9599178807000
-839464.9164939157000
-839438.4098264091000
-839377.6930009119000
-839470.8930647133000
-839373.0489699494000
-839352.7749460052000
-839410.6159517727000
-839393.5595507778000
-839396.9077001575000
-839430.8497514387000
-839327.0439138726000
-839455.2856538191000
-839395.8411245579000
-839444.9155923948000
-839559.2416747707000
-839451.1535648347000
-839422.2979941723000
-839567.8841525400000
-839509.7370826339000
-839588.3275884810000
-839657.0063604156000
-839482.4546183031000
-839555.9415314090000
-839413.8679692212000
-839394.9286484678000
-839537.4628628162000
-839333.9362342589000
-839518.6301096578000
-839597.5317889974000
-839628.0035457235000
-839601.0151246623000
-839601.7450271053000
-839615.4456254599000
-839455.8900677378000
-839474.1932158048000
-839645.5282270482000
-839620.4946338657000
-839718.6738236296000
-839699.6286553014000
-839609.7224819585000
-839549.7105248967000
-839671.6246751401000
-839639.8317378379000
-839672.6847229196000
-839524.6308504855000
-839711.0069647982000
-839599.0759339300000
-839541.9907332280000
-839699.0276910914000
-839622.9860580392000
-839445.0243359561000
-839517.8966006234000
-839524.9744594258000
-839540.1254876569000
-839558.1670201148000
-839523.7886167469000
-839613.4745769905000
-839573.4072694614000
-839603.2098493022000
-839515.9114471307000
-839609.6799428870000
-839702.0276415227000
-839795.9479939683000
-839616.4559444754000
-839674.9478258030000
-839821.1755940372000
-839799.6118952547000
-839664.4272877529000
-839766.9264497227000
-839967.9004751281000
-839730.8347515827000
-839700.1950192779000
-839733.2903036410000
-839648.7496017178000
-839809.7153965344000
-839629.1646382915000
-839595.7830247493000
-839493.0308096817000
-839543.8116678055000
-839545.5443507263000
-839671.6721746644000
-839490.4279321232000
-839438.8071982794000
-839456.3906004495000
-839485.1758060695000
-839442.4521383145000
-839402.5091009361000
-839470.9383243729000
-839410.6755100430000
-839436.1580402969000
-839557.4461299869000
-839491.4599476542000
-839523.0043997405000
-839441.4390102420000
-839418.4959655543000
-839411.2776512450000
-839443.9721839894000
-839355.0772571819000
-839278.0887389599000
-839253.6693093156000
-839175.4381699063000
-839236.7870736826000
-839184.1106135042000
-839223.5559488060000
-839210.3573980193000
-839404.2026460930000
-839179.1498723327000
-839174.7595557936000
-839382.2368486642000
-839416.5552276033000
-839302.0258601394000
-839340.7966668858000
-839268.1818671317000
-839371.3481045122000
-839238.5326308329000
-839382.0310708216000
-839361.7701024165000
-839377.2844636682000
-839301.3247071302000
-839371.1215969938000
-839126.8090955694000
-839187.1608348448000
