-912816.2302324577000
-909726.6472674143000
-907051.0480169347000
-905048.9755515307000
-903434.9595175249000
-901917.4862165498000
-900618.5222612092000
-899566.3987697515000
-898578.5791171290000
-897764.0240393976000
-896827.7477390756000
-895949.8506870970000
-895113.9750583895000
-894499.7909856425000
-893875.9767774510000
-893387.4110326908000
-892815.5473660390000
-892313.2790014368000
-891795.5589440847000
-891432.9770762703000
-890875.4058000502000
-890378.5058731860000
-890018.1246285399000
-889536.4615188977000
-889147.4127121179000
-888787.6843420839000
-888384.9453958480000
-888106.3967642754000
-887812.3537806310000
-887415.0169783277000
-887041.1579786586000
-886704.0814179752000
-886307.2744792462000
-885997.2588438614000
-885684.8370063714000
-885400.5966662223000
-885211.6788880219000
-884873.0123836652000
-884614.8710688604000
-884414.0934603603000
-884260.8625819129000
-884035.9831730976000
-883868.6348539058000
-883703.7335125856000
-883549.2634593337000
-883367.9216470470000
-883149.2615344830000
-882907.9680073466000
-882789.9304322449000
-882583.5525206899000
-882362.5318171605000
-882209.2428044322000
-882087.4250845405000
-881836.4366176785000
-881755.1109489409000
-881470.5484634016000
-881319.1159387942000
-881103.8357291870000
-881024.0785015546000
-880871.0867230322000
-880765.0160187564000
-880623.9817406090000
-880445.8401004801000
-880366.2513027816000
-880289.4394573923000
-880075.8538812835000
-880003.7354186736000
-879954.4370822862000
-879901.4627662012000
-879590.7415534708000
-879568.8646758241000
-879504.2338907397000
-879364.6282570658000
-879259.8546660162000
-879177.5295245008000
-878945.9432388927000
-878923.3664215466000
-878823.4738220720000
-878659.5251492758000
-878715.8782702624000
-878599.3289179999000
-878496.1840092521000
-878503.6920053904000
-878372.1510098233000
-878294.7271330266000
-878079.7757392509000
-878024.4798049907000
-877944.9272490460000
-877949.9081035301000
-877818.8071859912000
-877841.1654953714000
-877803.1897522791000
-877616.6291471221000
-877562.2522463652000
-877519.5393866919000
-877416.3706341218000
-877487.3064097440000
-877378.7771090320000
-877284.6316147938000
-877157.7584437383000
-877113.5118970725000
-877071.6855811316000
-876925.1003509327000
-876863.9466461086000
-876827.1774340216000
-876641.7096380235000
-876589.9253834574000
-876559.2840323880000
-876515.7948377113000
-876479.4086465884000
-876356.9739021953000
-876368.8132020916000
-876368.4092165467000
-876212.3310932433000
-876051.6767265385000
-876085.1080642325000
-876040.0202891795000
-875967.6948899070000
-876015.8515838617000
-875924.3141851810000
-875869.5295714600000
-875737.1321810578000
-875834.0430931750000
-875766.2221965219000
-875692.7482496256000
-875620.7046614473000
-875681.4156410296000
-875582.6358765917000
-875520.4588443355000
-875492.9796714894000
-875375.2698411440000
-875287.8975235258000
-875208.8022158577000
-875246.1951025713000
-875155.0217381376000
-875260.8685267685000
-875082.2963232065000
-875080.8357033713000
-875138.3100658518000
-875092.0319784656000
-874954.6104446246000
-874889.4364020178000
-874816.5301277367000
-874757.4763782667000
-874825.2146815454000
-874719.1495038338000
-874615.4210829260000
-874630.0742565755000
-874621.5240930956000
-874661.9528139682000
-874526.6019159732000
-874406.1656524400000
-874340.1086264905000
-874325.9695757421000
-874261.1350639192000
-874318.3958060658000
-874202.1666398939000
-874235.5220300470000
-874281.2599589922000
-874328.6849896369000
-874156.6912212953000
-874177.6205617976000
-874130.2727715495000
-874001.8778804404000
-874004.2924887184000
-874008.9843993109000
-873952.2404109405000
-873869.2237389663000
-873847.5320641258000
-873880.8662138428000
-873893.0111086344000
-873840.5578239419000
-873732.4669457948000
-873718.3793421942000
-873677.2477589033000
-873632.1404983684000
-873782.7916148156000
-873646.4248978001000
-873650.1345134652000
-873611.8543634752000
-873603.4912431272000
-873582.4379844486000
-873505.6652089681000
-873636.3345573680000
-873626.7340167876000
-873503.5968427110000
-873730.4626058175000
-873540.4630164573000
-873428.5630909732000
-873431.3786429844000
-873497.0107169178000
-873473.2744994059000
-873360.6724123411000
-873192.7936427458000
-873136.3377359436000
-873183.1025305033000
-873086.4303248201000
-873120.6853759474000
-873109.3748355000000
-873181.6318183235000
-873110.1702286904000
-873074.8941864929000
-873006.8545171153000
-873108.3919918614000
-873118.5415611238000
-873118.0733600772000
-873010.4753181870000
-872894.1306806647000
-872822.7350751767000
-872826.7668294389000
-872779.4586018062000
-872710.8077835089000
-872609.1685570666000
-872561.3952074400000
-872587.9442941506000
-872721.6492403877000
-872661.4866588713000
-872680.5369833617000
-872623.9471550169000
-872615.1317373922000
-872579.2575302130000
-872474.6710987962000
-872416.6808923568000
-872402.2265801572000
-872462.7746058524000
-872257.4074372222000
-872273.3000932736000
-872383.3852058471000
-872456.3222356243000
-872377.8403706267000
-872403.7530063865000
-872370.9759415989000
-872346.6927474716000
-872320.4196888898000
-872356.0142839182000
-872456.4149797352000
-872447.3097985956000
-872350.1620511719000
-872383.2734836461000
-872297.7002728710000
-872262.3472661687000
-872228.1867978454000
-872192.3349386996000
-872257.5900445096000
-872221.0911134942000
-872254.5306961614000
-872163.3687303205000
-872202.1262284208000
-872192.0934496241000
-872262.3344430554000
-872203.8326016729000
-872191.1828457917000
-872183.9041455300000
-872014.9050157454000
-872054.2289281558000
-872014.6259809515000
-871989.7068079119000
-872019.9509088679000
-872017.8550923807000
-871885.4813542655000
-871919.2239782405000
-871981.8809948232000
-872069.9708670592000
-872062.3482373317000
-871945.1988306533000
-872027.6840216238000
-871936.6496004794000
-871889.8270296566000
-871970.3029146877000
-871866.6894084003000
-871839.1774043058000
-871854.4740579326000
-871960.4178749167000
-871803.3401124536000
-871904.0692714582000
-871768.5879166339000
-871821.2789082936000
-871860.4667582568000
-871795.6137179472000
-871824.6154336688000
-871854.1913085650000
-871881.2488625533000
-871834.8104371756000
-871690.0122896954000
-871736.8595303016000
-871682.9254320151000
-871757.8730839010000
-871804.8984013938000
-871767.5222764192000
-871710.2835349645000
-871725.2017016151000
-871579.3285606639000
-871753.5473851542000
-871646.8242437867000
-871701.3269520581000
-871635.7743061095000
-871758.5819973309000
-871706.1893731441000
-871653.9699730511000
-871653.3321913398000
-871612.0901745652000
-871722.3616224090000
-871648.0932297014000
-871566.7090853789000
-871472.5135430569000
-871508.8879531597000
-871417.6548310170000
-871469.6006463428000
-871422.0816055039000
-871474.1319475073000
-871671.4239389029000
-871567.7909879029000
-871537.6338790811000
-871477.8605562287000
-871412.6011168755000
-871513.8540977812000
-871380.0425464876000
-871401.1075305801000
-871509.8982415437000
-871361.7728513096000
-871373.5400171856000
-871467.5443353921000
-871416.3817515967000
-871378.0731273142000
-871453.3354993776000
-871435.1153789948000
-871367.9194024788000
-871369.3246101644000
-871345.4103546606000
-871247.4543303879000
-871426.0640020535000
-871294.6019991834000
-871264.0470066789000
-871327.6738920695000
-871257.9477808734000
-871345.8975247383000
-871390.0214019516000
-871359.0003383813000
-871331.9982541004000
-871338.4943669116000
-871233.5483912334000
-871342.9729496567000
-871405.8651904557000
-871377.3389381731000
-871354.4024141916000
-871304.3455831421000
-871259.3883090194000
-871248.9766825134000
-871396.7695839500000
-871433.1050975218000
-871385.9205403808000
-871436.1813390520000
-871340.8540997435000
-871334.0375229370000
-871269.9889993030000
-871332.2941165696000
-871374.0705835471000
-871322.1030102932000
-871242.5597267026000
-871264.2456855694000
-871224.3167433619000
-871281.7075896487000
-871273.0273262935000
-871365.5313660450000
-871379.7255181882000
-871259.9918514191000
-871175.4500603961000
-871206.4015813903000
-871259.6898786250000
-871272.9856295274000
-871253.9300733398000
-871257.5930020188000
-871159.4906602239000
-871276.3172112781000
-871199.6522000835000
-871307.2767707627000
-871286.2587091017000
-871269.3737435793000
-871229.6786819015000
-871309.1680965906000
-871298.3822878818000
-871206.6493376934000
-871173.5726897704000
-871163.2519954334000
-871163.6978568647000
-871147.9792748280000
-871084.8058802075000
-871036.3075580663000
-871092.6564174031000
-871040.1977892092000
-871088.6691205166000
-871113.0560376252000
-871047.0663201627000
-871057.6055149575000
-871028.1014547845000
-870907.1555852419000
-870951.7409636481000
-871046.9494683916000
-870895.6235664875000
-870961.4259893412000
-870929.2649570905000
-870967.2437154637000
-870948.9134884176000
-871012.2579330532000
-871049.4654344230000
-870916.0588834014000
-871041.0634513792000
-870990.8327639126000
-870993.0295293034000
-871031.4530464938000
-871072.3774793607000
-871112.9642309122000
-871165.0971480369000
-871092.0993187882000
-871161.0998694367000
-871036.4808896962000
-871001.8527274824000
-871073.6209081629000
-871179.0737775220000
-871018.0790229561000
-871020.3143767784000
-871022.9784706595000
-871082.3579114005000
-871030.7599289519000
-870893.0328308324000
-870959.0660188938000
-870797.9489429430000
-870826.3973619691000
-870906.2651086422000
-870816.4629417561000
-870926.0647863600000
-870990.6775016043000
-870788.2219366100000
-870985.1109912142000
-870992.6116252207000
-870975.6103295787000
-870769.5246832076000
-870921.6778824775000
-870779.6487275294000
-870822.5509108377000
-870832.2071568316000
-870993.6469901152000
-870773.5904271010000
-870934.6238022695000
-870888.0140169407000
-870944.8407589220000
-871042.1682183172000
-870851.7476386613000
-870790.6687391682000
-870793.5995806700000
-870819.9743468570000
-870693.0551076946000
-870706.1363964534000
-870733.9210175709000
-870587.3503986968000
-870805.3703110487000
-870850.9089750636000
-870734.5480094663000
-870762.7493742654000
-870806.0758246903000
-870788.8711747080000
-870894.8902287793000
-870899.2138930329000
-870857.7647897839000
-870792.8087125420000
-870665.5794766878000
-870541.1127688525000
-870654.5161227499000
-870642.4792126713000
-870638.6228621168000
-870714.0565486593000
-870751.2609227587000
-870702.2029019162000
-870806.9693266645000
-870808.3996275273000
-870778.4610520112000
-870728.3303593823000
-870915.6145993621000
-870890.5440449239000
-870787.1845977771000
-870826.9365474115000
-870728.9714322075000
-870813.0461545388000
-870632.8447189529000
-870689.2807164732000
-870684.0079583530000
-870696.5418901398000
-870611.9103963842000
-870640.1641480351000
-870671.3024118914000
-870677.5055249834000
-870588.7145413412000
-870601.2218338045000
-870647.9117849744000
-870726.7277449205000
-870699.9503681601000
-870695.8588080336000
-870655.4036579124000
-870741.0700057797000
-870745.1145576827000
-870720.7595710658000
-870681.0134538930000
-870644.0521574444000
-870745.5379989193000
-870760.3297669665000
-870574.6230007712000
-870537.5389074680000
-870545.5315462309000
-870694.6220976064000
-870701.9303863775000
-870618.9368319440000
-870509.4780636352000
-870562.1046068838000
-870684.3273840045000
-870578.8739980995000
-870552.0629705044000
-870509.4381648821000
-870541.6831483713000
-870536.9534518179000
-870499.7849467485000
-870436.8911723108000
-870500.8110128841000
-870463.1533024943000
-870477.7694234499000
-870479.6654208486000
-870400.3856327279000
-870368.1062192831000
-870506.6024934285000
-870479.5681385074000
-870466.1350141937000
-870499.9331465786000
-870498.7725052767000
-870445.3243651915000
-870421.8139493769000
-870525.5506339159000
-870366.2171650892000
-870400.5203549918000
-870435.4120859042000
-870372.4046777356000
-870461.8306501100000
-870505.8862038670000
-870481.9537158487000
-870379.5238524582000
-870517.8973732701000
-870453.3077133897000
-870424.3987195290000
-870480.2624558697000
-870488.6200024766000
-870460.0473048249000
-870582.6037219167000
-870498.3696728180000
-870501.5402886629000
-870545.1465423157000
-870619.2156861601000
-870535.5813726641000
-870651.8542292392000
-870621.8888420181000
-870629.7622707642000
-870488.4120544785000
-870542.2569163115000
-870473.4631178610000
-870575.8438183727000
-870568.1677336941000
-870576.4130669102000
-870569.9316453702000
-870438.3176337457000
-870437.1953187846000
-870457.2923835517000
-870406.2885382315000
-870303.8243691574000
-870447.1338319064000
-870496.2318313211000
-870475.5892345187000
-870415.6851465165000
-870551.3039100241000
-870420.8642535984000
-870399.6349926268000
-870440.6604643008000
-870438.6428893300000
-870393.2660775903000
-870460.0587588784000
-870526.1760815207000
-870482.0809264515000
-870433.7825349784000
-870426.2692861842000
-870404.9602105810000
-870421.3964142578000
-870455.1378710363000
-870529.6729068452000
-870462.8800290844000
-870426.9497224146000
-870460.0177323564000
-870437.4809343080000
-870419.2515797436000
-870504.6593019570000
-870437.6141068927000
-870360.0919424748000
-870456.2858605370000
-870427.0733876182000
-870400.8509723777000
-870355.3782558786000
-870464.4795991245000
-870409.9446854083000
-870449.9294394954000
-870585.7940774128000
-870566.5958257306000
-870643.8909995003000
-870517.9604864458000
-870520.1968897617000
-870596.9609517413000
-870338.3766144568000
-870351.2891674048000
-870411.2222268838000
-870417.0250243165000
-870389.3797442092000
-870387.9347885929000
-870420.9541503859000
-870466.2210815644000
-870501.1010270822000
-870452.8831367916000
-870379.9591842509000
-870480.8218964660000
-870527.2908112799000
-870445.6133364355000
-870503.3198505490000
-870462.6839878705000
-870393.4079370361000
-870423.5775857052000
-870376.6445196066000
-870405.7544990206000
-870467.1992569915000
-870402.2301462768000
-870389.5719396350000
-870306.8693061552000
-870374.0765872619000
-870348.7213225808000
-870374.3309664248000
-870320.5103137379000
-870288.4920557991000
-870226.3699667255000
-870314.6504068258000
-870293.4891655550000
-870341.6496771680000
-870269.7992292636000
-870269.2226729388000
-870188.4855486889000
-870208.4579697395000
-870142.8356189366000
-870312.2846545349000
-870251.7496907352000
-870420.0464099689000
-870268.2776122452000
-870241.7047364285000
-870139.1999064314000
-870243.5235313863000
-870272.1176048930000
-870316.4346819279000
-870288.9237438984000
-870294.4892123025000
-870358.8762628408000
-870364.5701412703000
-870416.0109227984000
-870351.7781383602000
-870294.7956005805000
-870255.8938178547000
-870394.7781313817000
-870468.0088245141000
-870460.6181391402000
-870313.4137246736000
-870221.5958377690000
-870220.9632276975000
-870236.7005782889000
-870350.0356545874000
-870289.2942336064000
-870286.0920753287000
-870406.1614012442000
-870206.2017027112000
-870325.6819095714000
-870385.4007448743000
-870449.5903526850000
-870451.6318164569000
-870310.6476787796000
-870357.8490257397000
-870414.7296041767000
-870364.4818881404000
-870398.6254823147000
-870358.4350627335000
-870356.7997187129000
-870289.1348853664000
-870280.9976978959000
-870326.8205717977000
-870314.9268975576000
-870348.7312988797000
-870295.5096987959000
-870407.5177805522000
-870315.4942284161000
-870357.0664687956000
-870423.8454101268000
-870401.4954139639000
-870312.8665516359000
-870351.3015388722000
-870343.6945262448000
-870277.6359176469000
-870209.6435779335000
-870178.6745681609000
-870194.4165459478000
-870313.2312168842000
-870270.3668224125000
-870248.0552903543000
-870255.0031631382000
-870222.5370347367000
-870227.5598567443000
-870238.9748462191000
-870353.6763167421000
-870084.2363788793000
-870131.1488616461000
-870010.0175244473000
-870003.1072189390000
-869967.4009837194000
-870105.6152205716000
-870021.8162455327000
-869943.4784334647000
-870034.3207359054000
-870029.8811033269000
-870118.8201561014000
-870196.9888800104000
-870127.4804437817000
-870206.6704137019000
-870143.6362528856000
-870186.2401180344000
-870099.1685129968000
-870206.8659313453000
-870163.9026754795000
-870130.7485101620000
-870194.6795758075000
-870193.3349932987000
-870275.0010941238000
-870231.7393813492000
-870129.0841713975000
-870223.7300265332000
-870273.5131754292000
-870209.4672209462000
-870192.4871980347000
-870252.7814682337000
-870236.1509938098000
-870154.6017693506000
-870130.7364773378000
-870091.7979525501000
-870102.1610727559000
-870094.3899193129000
-870156.9117209755000
-870123.1920583614000
-870137.7658774720000
-870195.5614512312000
-870150.5948003992000
-870047.0834623233000
-869978.6492474205000
-869929.6843143996000
-869889.5479713379000
-869961.5243818704000
-869942.7735422909000
-869955.2780829037000
-870060.1071129449000
-870032.0388747527000
-870005.6236850999000
-870083.4312794720000
-869992.4192298943000
-870018.4894834582000
-870083.5497167862000
-870068.3549012062000
-870038.8652527486000
-870127.5243598445000
-870026.2529421973000
-870162.4018457894000
-870205.4787011134000
-870058.2244596307000
-870090.7094779857000
-870048.2487827537000
-870077.9640739859000
-870093.2770347847000
-870036.6778483606000
-870059.1189109545000
-870066.8869651584000
-870206.7257158692000
-870033.7973608379000
-869990.2846124499000
-869963.5827127189000
-869960.4096615847000
-870024.2294430050000
-869948.4067434021000
-869938.4236448464000
-869925.2112058192000
-869969.1889816767000
-869974.2117876026000
-869879.4433960496000
-870002.3324799443000
-869969.0899206374000
-869984.0667290614000
-870044.3355067673000
-870021.8998066026000
-870031.4716260491000
-869985.6522313305000
-869982.5643092749000
-869997.2727566843000
-870014.7503245949000
-869926.4177763563000
-870019.3857744611000
-869874.6584157930000
-869813.4786900319000
-869818.6737189847000
-869855.2001645447000
-869885.8029983704000
-869965.8777983809000
-869932.7306136847000
-869815.5316153363000
-869825.7455668084000
-869858.0956429796000
-869973.8585834594000
-870083.8044926538000
-870130.6247128985000
-870154.6272943097000
-869974.0631612900000
-869903.5211690569000
-870064.5960157171000
-869963.8574462909000
-869902.3359629664000
-870062.0960936423000
-870031.8766745661000
-869975.7837265595000
-869962.3079909413000
-870015.2807964213000
-870009.1504232292000
-870048.9783561217000
-870035.7771884572000
-869944.2208083641000
-870039.9105130270000
-870018.8947747279000
-869851.7829588007000
-869864.7222282330000
-869881.7041591210000
-870023.7786288027000
-870025.5659700494000
-870103.3159921012000
-870106.7492547912000
-870153.4276113755000
-870053.5795742497000
-870056.2835306330000
-870107.4274990981000
-870089.1204051550000
-870136.2526088810000
-870166.7653624088000
-869985.3210499304000
-869989.9896230219000
-870021.0638074547000
-870063.2693039967000
-869975.7573707859000
-869877.9826733082000
-869995.6521571177000
-869973.1436611724000
-870071.8709053843000
-870125.1897856736000
-869971.6177693151000
-869983.0691516935000
-870018.4879466498000
-870121.5159062530000
-870125.6058221835000
-870037.9621563777000
-870052.4796217221000
-870054.3822151406000
-869974.8650013525000
-869981.2732675108000
-870107.9819480650000
-870024.8810120833000
-870014.5839824699000
-870041.9781969335000
-870078.6783868958000
-870165.7712729666000
-870075.1141672535000
-870060.5982885879000
-870025.3514550747000
-870083.3241070606000
-870207.5525983237000
-870160.1680519546000
-870103.1244322623000
-870073.5993366280000
-870128.6885367763000
-870080.3495242040000
-869991.8630670857000
-869986.0566818000000
-870078.1038439809000
-869992.5592968564000
-870048.6382333655000
-870060.3113492106000
-870042.7077127362000
-869955.3586790728000
-869979.4236154631000
-870053.7313462205000
-870093.8421940323000
-870091.6957856069000
-870105.0955861771000
-870107.9165354356000
-870110.0502032728000
-870122.5567771575000
-870096.4363808605000
-869989.8331560674000
-870096.4605500550000
-870221.7860340993000
-870184.4749219334000
-870251.3422329512000
-870183.6980165078000
-870162.6368491730000
-870028.1033629507000
-870112.0925617572000
-869963.5782787539000
-869995.5033025371000
-870016.2024493604000
-870123.9500246802000
-870015.5637767145000
-870018.1208917215000
-870091.8614744627000
-870147.2762438568000
-870140.0973718555000
-870151.7934291350000
-870190.4593826993000
-870087.2263863173000
-870073.1059471898000
-870087.0272877705000
-870149.5886301321000
-870103.2990054778000
-870124.4559587339000
-870182.2529610354000
-870083.2122695211000
-870098.1008186705000
-870021.6908744321000
-870084.6667915323000
-869989.4718744071000
-870129.9696516837000
-869998.1170159153000
-870204.9286800366000
-870061.5663757174000
-870055.4265612905000
-870046.2361555224000
-870059.7696412392000
-870058.8382855717000
-870006.5778396272000
-870145.5821905730000
-870041.7371479683000
-870046.0529862848000
-870080.0839947953000
-870020.8385557528000
-870020.0274276180000
-869928.8167588782000
-869982.8622251449000
-869918.7059537678000
-869953.6172104338000
-870091.7385200842000
-870053.7065469126000
-870016.5878124678000
-870049.2834037503000
-869982.8387120909000
-870066.7612855300000
-869904.5082198277000
-869969.9805418268000
-869898.6522457010000
-869950.3562191526000
-870054.7586740658000
-870063.2313421004000
-870158.1078783673000
-870248.2145870081000
-870113.4832055968000
-870019.8983159205000
-870156.4197259621000
-870015.9820695130000
-870140.2736070005000
-870100.1887551446000
-869967.3388920565000
-869991.9310065361000
-869969.3617783026000
-869995.9904926763000
-869983.5588720706000
-869978.8239000064000
-869964.8591726555000
-870009.9345820555000
-870003.9169384640000
-870004.4164661791000
-869918.2188721596000
-869942.6086333335000
-869887.9838362825000
-869894.2242063046000
-869921.7187664834000
-870024.6717350798000
-869981.0910406088000
-870060.3242116664000
-870046.3457359738000
-870073.0993374056000
-870164.1444912766000
-870030.0467204303000
-869963.5138531570000
-869876.5922955205000
-869942.4883033665000
-869923.7705025398000
-869898.9481294561000
-870019.8229340496000
-870039.5571008389000
-869979.4926319880000
-869948.3663064780000
-869961.8788357750000
-869905.1647428997000
-869849.1294691073000
-869956.1775091062000
-869973.0872439056000
-870042.5000457707000
-869946.4917424498000
-869937.2342217253000
-869889.0659666811000
-869913.2700885822000
-869958.1728221715000
-869922.6257433680000
-870027.5027641176000
-869999.3650648487000
-870084.8523661596000
-870002.5513493762000
-870049.8617292017000
-869977.9196260092000
-870035.8426493424000
-870019.6999008236000
-870000.7852682183000
-870055.8815067931000
-870025.9135880403000
-869953.9275812655000
-870063.0109256384000
-869958.7862945274000
-869908.5851102138000
-869914.0795862593000
-869999.9842338169000
-869924.0494335637000
-870032.9271375476000
-870093.3561028732000
-869927.9540439578000
-869860.7170505862000
-869889.6554985931000
-869841.5020320650000
-869894.0269941369000
-869978.5551760689000
-869922.0129502135000
-869977.8009778672000
-869806.1814612126000
-869820.1136662170000
-869861.8607793436000
-869928.1978072668000
-869745.3733907994000
-869792.6576125324000
-869813.0869164012000
-869851.3092838237000
-869721.2111898668000
-869617.1957212217000
-869784.9277449788000
-869710.8923914570000
-869709.4196461957000
-869722.5817552028000
-869767.3786084678000
-869802.0848641868000
-869728.2043275844000
-869751.3536853384000
-869850.0546536403000
-869916.6203253188000
-869749.0156788010000
-869726.4134807019000
-869733.0545795471000
-869792.5995535295000
-869742.8396168873000
-869748.8790195770000
-869816.0773916859000
-869689.1728203814000
-869797.1557104758000
-869818.3303731075000
-869915.8497409379000
-869817.2305630088000
-869886.2547230900000
-869855.0104767384000
-869795.6003292020000
-869868.9051793200000
-869828.7099693432000
-869947.4094863398000
-869923.6528449248000
-869943.8249816727000
-869954.1132354699000
-869864.0469693270000
-869836.2497565439000
-869883.9856189064000
-869981.6638784015000
-869844.0186479451000
-869970.4892866580000
-869915.5991766162000
-869875.0111139016000
-869960.1525622237000
-869974.8418013613000
-870037.3868304802000
-869973.5330836884000
-869865.8823821001000
